{"vehicles": [{"id": 0, "start_index": 0, "end_index": 0, "capacity": [200], "time_window": [0, 123600]}, {"id": 1, "start_index": 0, "end_index": 0, "capacity": [200], "time_window": [0, 123600]}, {"id": 2, "start_index": 0, "end_index": 0, "capacity": [200], "time_window": [0, 123600]}, {"id": 3, "start_index": 0, "end_index": 0, "capacity": [200], "time_window": [0, 123600]}, {"id": 4, "start_index": 0, "end_index": 0, "capacity": [200], "time_window": [0, 123600]}, {"id": 5, "start_index": 0, "end_index": 0, "capacity": [200], "time_window": [0, 123600]}, {"id": 6, "start_index": 0, "end_index": 0, "capacity": [200], "time_window": [0, 123600]}, {"id": 7, "start_index": 0, "end_index": 0, "capacity": [200], "time_window": [0, 123600]}, {"id": 8, "start_index": 0, "end_index": 0, "capacity": [200], "time_window": [0, 123600]}, {"id": 9, "start_index": 0, "end_index": 0, "capacity": [200], "time_window": [0, 123600]}, {"id": 10, "start_index": 0, "end_index": 0, "capacity": [200], "time_window": [0, 123600]}, {"id": 11, "start_index": 0, "end_index": 0, "capacity": [200], "time_window": [0, 123600]}, {"id": 12, "start_index": 0, "end_index": 0, "capacity": [200], "time_window": [0, 123600]}, {"id": 13, "start_index": 0, "end_index": 0, "capacity": [200], "time_window": [0, 123600]}, {"id": 14, "start_index": 0, "end_index": 0, "capacity": [200], "time_window": [0, 123600]}, {"id": 15, "start_index": 0, "end_index": 0, "capacity": [200], "time_window": [0, 123600]}, {"id": 16, "start_index": 0, "end_index": 0, "capacity": [200], "time_window": [0, 123600]}, {"id": 17, "start_index": 0, "end_index": 0, "capacity": [200], "time_window": [0, 123600]}, {"id": 18, "start_index": 0, "end_index": 0, "capacity": [200], "time_window": [0, 123600]}, {"id": 19, "start_index": 0, "end_index": 0, "capacity": [200], "time_window": [0, 123600]}, {"id": 20, "start_index": 0, "end_index": 0, "capacity": [200], "time_window": [0, 123600]}, {"id": 21, "start_index": 0, "end_index": 0, "capacity": [200], "time_window": [0, 123600]}, {"id": 22, "start_index": 0, "end_index": 0, "capacity": [200], "time_window": [0, 123600]}, {"id": 23, "start_index": 0, "end_index": 0, "capacity": [200], "time_window": [0, 123600]}, {"id": 24, "start_index": 0, "end_index": 0, "capacity": [200], "time_window": [0, 123600]}], "jobs": [{"id": 1, "location_index": 1, "delivery": [10], "service": 9000, "time_windows": [[85000, 103000]]}, {"id": 2, "location_index": 2, "delivery": [30], "service": 9000, "time_windows": [[75800, 93800]]}, {"id": 3, "location_index": 3, "delivery": [10], "service": 9000, "time_windows": [[1600, 19600]]}, {"id": 4, "location_index": 4, "delivery": [10], "service": 9000, "time_windows": [[66500, 84500]]}, {"id": 5, "location_index": 5, "delivery": [10], "service": 9000, "time_windows": [[1500, 19500]]}, {"id": 6, "location_index": 6, "delivery": [20], "service": 9000, "time_windows": [[57200, 75200]]}, {"id": 7, "location_index": 7, "delivery": [20], "service": 9000, "time_windows": [[10800, 28800]]}, {"id": 8, "location_index": 8, "delivery": [20], "service": 9000, "time_windows": [[20000, 38000]]}, {"id": 9, "location_index": 9, "delivery": [10], "service": 9000, "time_windows": [[48000, 66000]]}, {"id": 10, "location_index": 10, "delivery": [10], "service": 9000, "time_windows": [[29400, 47400]]}, {"id": 11, "location_index": 11, "delivery": [10], "service": 9000, "time_windows": [[38700, 56700]]}, {"id": 12, "location_index": 12, "delivery": [20], "service": 9000, "time_windows": [[59700, 77700]]}, {"id": 13, "location_index": 13, "delivery": [30], "service": 9000, "time_windows": [[3000, 21000]]}, {"id": 14, "location_index": 14, "delivery": [10], "service": 9000, "time_windows": [[50400, 68400]]}, {"id": 15, "location_index": 15, "delivery": [40], "service": 9000, "time_windows": [[31700, 49700]]}, {"id": 16, "location_index": 16, "delivery": [40], "service": 9000, "time_windows": [[41200, 59200]]}, {"id": 17, "location_index": 17, "delivery": [20], "service": 9000, "time_windows": [[3400, 21400]]}, {"id": 18, "location_index": 18, "delivery": [20], "service": 9000, "time_windows": [[12700, 30700]]}, {"id": 19, "location_index": 19, "delivery": [10], "service": 9000, "time_windows": [[22200, 40200]]}, {"id": 20, "location_index": 20, "delivery": [10], "service": 9000, "time_windows": [[1000, 19000]]}, {"id": 21, "location_index": 21, "delivery": [20], "service": 9000, "time_windows": [[85000, 103000]]}, {"id": 22, "location_index": 22, "delivery": [20], "service": 9000, "time_windows": [[75800, 93800]]}, {"id": 23, "location_index": 23, "delivery": [10], "service": 9000, "time_windows": [[66500, 84500]]}, {"id": 24, "location_index": 24, "delivery": [10], "service": 9000, "time_windows": [[1500, 19500]]}, {"id": 25, "location_index": 25, "delivery": [40], "service": 9000, "time_windows": [[10700, 28700]]}, {"id": 26, "location_index": 26, "delivery": [10], "service": 9000, "time_windows": [[57200, 75200]]}, {"id": 27, "location_index": 27, "delivery": [10], "service": 9000, "time_windows": [[19900, 37900]]}, {"id": 28, "location_index": 28, "delivery": [20], "service": 9000, "time_windows": [[48000, 66000]]}, {"id": 29, "location_index": 29, "delivery": [10], "service": 9000, "time_windows": [[29200, 47200]]}, {"id": 30, "location_index": 30, "delivery": [10], "service": 9000, "time_windows": [[38700, 56700]]}, {"id": 31, "location_index": 31, "delivery": [20], "service": 9000, "time_windows": [[12900, 30900]]}, {"id": 32, "location_index": 32, "delivery": [30], "service": 9000, "time_windows": [[3100, 21100]]}, {"id": 33, "location_index": 33, "delivery": [40], "service": 9000, "time_windows": [[3300, 21300]]}, {"id": 34, "location_index": 34, "delivery": [20], "service": 9000, "time_windows": [[69400, 87400]]}, {"id": 35, "location_index": 35, "delivery": [10], "service": 9000, "time_windows": [[22400, 40400]]}, {"id": 36, "location_index": 36, "delivery": [10], "service": 9000, "time_windows": [[60100, 78100]]}, {"id": 37, "location_index": 37, "delivery": [20], "service": 9000, "time_windows": [[31900, 49900]]}, {"id": 38, "location_index": 38, "delivery": [30], "service": 9000, "time_windows": [[41100, 59100]]}, {"id": 39, "location_index": 39, "delivery": [20], "service": 9000, "time_windows": [[50600, 68600]]}, {"id": 40, "location_index": 40, "delivery": [10], "service": 9000, "time_windows": [[20300, 38300]]}, {"id": 41, "location_index": 41, "delivery": [10], "service": 9000, "time_windows": [[11100, 29100]]}, {"id": 42, "location_index": 42, "delivery": [20], "service": 9000, "time_windows": [[1900, 19900]]}, {"id": 43, "location_index": 43, "delivery": [10], "service": 9000, "time_windows": [[1600, 19600]]}, {"id": 44, "location_index": 44, "delivery": [10], "service": 9000, "time_windows": [[29600, 47600]]}, {"id": 45, "location_index": 45, "delivery": [10], "service": 9000, "time_windows": [[48100, 66100]]}, {"id": 46, "location_index": 46, "delivery": [30], "service": 9000, "time_windows": [[38900, 56900]]}, {"id": 47, "location_index": 47, "delivery": [10], "service": 9000, "time_windows": [[94700, 112700]]}, {"id": 48, "location_index": 48, "delivery": [10], "service": 9000, "time_windows": [[57300, 75300]]}, {"id": 49, "location_index": 49, "delivery": [10], "service": 9000, "time_windows": [[94400, 112400]]}, {"id": 50, "location_index": 50, "delivery": [10], "service": 9000, "time_windows": [[75800, 93800]]}, {"id": 51, "location_index": 51, "delivery": [10], "service": 9000, "time_windows": [[66600, 84600]]}, {"id": 52, "location_index": 52, "delivery": [10], "service": 9000, "time_windows": [[85100, 103100]]}, {"id": 53, "location_index": 53, "delivery": [20], "service": 9000, "time_windows": [[22700, 40700]]}, {"id": 54, "location_index": 54, "delivery": [40], "service": 9000, "time_windows": [[13200, 31200]]}, {"id": 55, "location_index": 55, "delivery": [10], "service": 9000, "time_windows": [[3700, 21700]]}, {"id": 56, "location_index": 56, "delivery": [30], "service": 9000, "time_windows": [[32100, 50100]]}, {"id": 57, "location_index": 57, "delivery": [40], "service": 9000, "time_windows": [[3500, 21500]]}, {"id": 58, "location_index": 58, "delivery": [30], "service": 9000, "time_windows": [[41300, 59300]]}, {"id": 59, "location_index": 59, "delivery": [10], "service": 9000, "time_windows": [[60600, 78600]]}, {"id": 60, "location_index": 60, "delivery": [20], "service": 9000, "time_windows": [[50600, 68600]]}, {"id": 61, "location_index": 61, "delivery": [10], "service": 9000, "time_windows": [[48100, 66100]]}, {"id": 62, "location_index": 62, "delivery": [20], "service": 9000, "time_windows": [[20000, 38000]]}, {"id": 63, "location_index": 63, "delivery": [50], "service": 9000, "time_windows": [[10500, 28500]]}, {"id": 64, "location_index": 64, "delivery": [10], "service": 9000, "time_windows": [[57300, 75300]]}, {"id": 65, "location_index": 65, "delivery": [10], "service": 9000, "time_windows": [[1300, 19300]]}, {"id": 66, "location_index": 66, "delivery": [10], "service": 9000, "time_windows": [[76100, 94100]]}, {"id": 67, "location_index": 67, "delivery": [10], "service": 9000, "time_windows": [[1200, 19200]]}, {"id": 68, "location_index": 68, "delivery": [10], "service": 9000, "time_windows": [[66600, 84600]]}, {"id": 69, "location_index": 69, "delivery": [10], "service": 9000, "time_windows": [[85300, 103300]]}, {"id": 70, "location_index": 70, "delivery": [30], "service": 9000, "time_windows": [[33200, 51200]]}, {"id": 71, "location_index": 71, "delivery": [20], "service": 9000, "time_windows": [[23700, 41700]]}, {"id": 72, "location_index": 72, "delivery": [10], "service": 9000, "time_windows": [[38800, 56800]]}, {"id": 73, "location_index": 73, "delivery": [10], "service": 9000, "time_windows": [[42500, 60500]]}, {"id": 74, "location_index": 74, "delivery": [50], "service": 9000, "time_windows": [[29300, 47300]]}, {"id": 75, "location_index": 75, "delivery": [20], "service": 9000, "time_windows": [[94300, 112300]]}, {"id": 76, "location_index": 76, "delivery": [10], "service": 9000, "time_windows": [[14200, 32200]]}, {"id": 77, "location_index": 77, "delivery": [10], "service": 9000, "time_windows": [[51900, 69900]]}, {"id": 78, "location_index": 78, "delivery": [20], "service": 9000, "time_windows": [[5000, 23000]]}, {"id": 79, "location_index": 79, "delivery": [10], "service": 9000, "time_windows": [[61000, 79000]]}, {"id": 80, "location_index": 80, "delivery": [10], "service": 9000, "time_windows": [[70500, 88500]]}, {"id": 81, "location_index": 81, "delivery": [30], "service": 9000, "time_windows": [[4700, 22700]]}, {"id": 82, "location_index": 82, "delivery": [20], "service": 9000, "time_windows": [[30500, 48500]]}, {"id": 83, "location_index": 83, "delivery": [10], "service": 9000, "time_windows": [[21200, 39200]]}, {"id": 84, "location_index": 84, "delivery": [20], "service": 9000, "time_windows": [[40100, 58100]]}, {"id": 85, "location_index": 85, "delivery": [30], "service": 9000, "time_windows": [[49400, 67400]]}, {"id": 86, "location_index": 86, "delivery": [10], "service": 9000, "time_windows": [[11600, 29600]]}, {"id": 87, "location_index": 87, "delivery": [20], "service": 9000, "time_windows": [[2500, 20500]]}, {"id": 88, "location_index": 88, "delivery": [30], "service": 9000, "time_windows": [[58700, 76700]]}, {"id": 89, "location_index": 89, "delivery": [10], "service": 9000, "time_windows": [[68000, 86000]]}, {"id": 90, "location_index": 90, "delivery": [10], "service": 9000, "time_windows": [[2000, 20000]]}, {"id": 91, "location_index": 91, "delivery": [10], "service": 9000, "time_windows": [[77300, 95300]]}, {"id": 92, "location_index": 92, "delivery": [20], "service": 9000, "time_windows": [[31500, 49500]]}, {"id": 93, "location_index": 93, "delivery": [40], "service": 9000, "time_windows": [[40700, 58700]]}, {"id": 94, "location_index": 94, "delivery": [10], "service": 9000, "time_windows": [[22100, 40100]]}, {"id": 95, "location_index": 95, "delivery": [30], "service": 9000, "time_windows": [[12800, 30800]]}, {"id": 96, "location_index": 96, "delivery": [10], "service": 9000, "time_windows": [[3600, 21600]]}, {"id": 97, "location_index": 97, "delivery": [30], "service": 9000, "time_windows": [[50200, 68200]]}, {"id": 98, "location_index": 98, "delivery": [20], "service": 9000, "time_windows": [[3000, 21000]]}, {"id": 99, "location_index": 99, "delivery": [10], "service": 9000, "time_windows": [[69200, 87200]]}, {"id": 100, "location_index": 100, "delivery": [20], "service": 9000, "time_windows": [[59700, 77700]]}], "matrices": {"car": {"durations": [[0, 1868, 2062, 1612, 1811, 1513, 1900, 1600, 1811, 2010, 1676, 1965, 3808, 3081, 3936, 3606, 4031, 3330, 3536, 3905, 1000, 1020, 1217, 1300, 1500, 1513, 1581, 1712, 1772, 2000, 2062, 3354, 3162, 3353, 3239, 3808, 3536, 3929, 4123, 4031, 2062, 1868, 1931, 1655, 2154, 2236, 2059, 1803, 2332, 1921, 2280, 2500, 2121, 4518, 4005, 3506, 4500, 3500, 4504, 3506, 4528, 2236, 1803, 1414, 2154, 1281, 1655, 1221, 2062, 1581, 5852, 5701, 2385, 5571, 1985, 1581, 5220, 5200, 5029, 5108, 5148, 4743, 3536, 3239, 3105, 2973, 2648, 2550, 2693, 2435, 2062, 2236, 4420, 4301, 4061, 3720, 3606, 4031, 3081, 3354, 3808], [1868, 0, 200, 361, 300, 424, 510, 539, 700, 728, 1020, 1005, 2625, 2404, 2860, 2773, 3023, 2789, 3081, 3231, 2343, 2193, 2335, 2140, 2691, 2561, 2385, 2720, 2555, 3081, 2818, 4810, 4482, 4640, 4357, 5186, 4614, 5131, 5300, 5054, 3929, 3736, 3795, 3511, 4016, 4085, 3900, 3625, 4163, 3712, 4071, 4294, 3859, 6301, 5808, 5308, 6320, 5324, 6339, 5346, 6379, 3833, 3338, 2844, 3812, 2816, 3306, 2807, 3800, 3300, 6280, 5991, 3883, 6044, 3396, 300, 5580, 5738, 5420, 5664, 5873, 5186, 3270, 2997, 2693, 2435, 2470, 2385, 2154, 2059, 1985, 1700, 2780, 2625, 2441, 2081, 1921, 2267, 1476, 1562, 1972], [2062, 200, 0, 500, 361, 583, 510, 640, 728, 700, 1077, 1005, 2500, 2354, 2746, 2693, 2915, 2746, 3041, 3162, 2500, 2343, 2476, 2267, 2828, 2691, 2500, 2843, 2663, 3202, 2915, 4950, 4610, 4763, 4465, 5315, 4717, 5243, 5408, 5148, 4123, 3929, 3985, 3700, 4206, 4272, 4085, 3808, 4346, 3891, 4249, 4472, 4031, 6501, 6007, 5508, 6519, 5523, 6538, 5544, 6576, 4031, 3536, 3041, 4011, 3015, 3506, 3007, 4000, 3500, 6403, 6103, 4079, 6172, 3590, 500, 5701, 5873, 5544, 5800, 6021, 5315, 3354, 3089, 2773, 2508, 2581, 2500, 2236, 2163, 2121, 1803, 2663, 2500, 2332, 1972, 1803, 2121, 1393, 1414, 1803], [1612, 361, 500, 0, 200, 100, 361, 200, 447, 566, 700, 762, 2550, 2193, 2759, 2608, 2907, 2563, 2846, 3041, 2000, 1844, 1980, 1780, 2335, 2202, 2025, 2360, 2195, 2720, 2460, 4455, 4123, 4280, 3996, 4827, 4254, 4771, 4940, 4696, 3667, 3471, 3517, 3228, 3736, 3795, 3606, 3324, 3863, 3401, 3758, 3981, 3536, 6103, 5600, 5100, 6103, 5104, 6113, 5116, 6140, 3688, 3202, 2720, 3650, 2668, 3140, 2648, 3612, 3114, 6407, 6140, 3764, 6161, 3289, 316, 5714, 5841, 5547, 5763, 5941, 5301, 3479, 3195, 2912, 2668, 2640, 2550, 2377, 2247, 2110, 1897, 3140, 2983, 2802, 2441, 2280, 2617, 1836, 1910, 2302], [1811, 300, 361, 200, 0, 300, 224, 283, 400, 447, 728, 707, 2404, 2119, 2625, 2506, 2780, 2500, 2789, 2955, 2163, 2000, 2126, 1910, 2476, 2335, 2140, 2484, 2302, 2843, 2555, 4597, 4252, 4405, 4105, 4958, 4357, 4883, 5048, 4789, 3864, 3667, 3711, 3421, 3929, 3985, 3795, 3511, 4050, 3585, 3940, 4163, 3712, 6303, 5800, 5300, 6303, 5304, 6313, 5315, 6339, 3883, 3396, 2912, 3847, 2864, 3338, 2844, 3812, 3314, 6522, 6243, 3956, 6280, 3479, 424, 5825, 5967, 5661, 5890, 6081, 5420, 3547, 3270, 2973, 2720, 2729, 2642, 2435, 2326, 2220, 1970, 3023, 2860, 2693, 2332, 2163, 2476, 1746, 1769, 2140], [1513, 424, 583, 100, 300, 0, 447, 224, 500, 640, 707, 806, 2625, 2236, 2828, 2663, 2973, 2600, 2879, 3089, 1921, 1769, 1910, 1720, 2267, 2140, 1972, 2302, 2147, 2663, 2417, 4386, 4061, 4220, 3945, 4763, 4206, 4717, 4888, 4652, 3569, 3373, 3421, 3132, 3640, 3700, 3511, 3231, 3770, 3311, 3667, 3891, 3448, 6003, 5500, 5000, 6003, 5004, 6013, 5016, 6041, 3590, 3105, 2625, 3551, 2571, 3041, 2550, 3513, 3015, 6351, 6090, 3669, 6103, 3195, 300, 5660, 5780, 5492, 5701, 5873, 5243, 3448, 3162, 2886, 2648, 2600, 2508, 2354, 2214, 2059, 1868, 3202, 3048, 2860, 2500, 2343, 2691, 1887, 1985, 2385], [1900, 510, 510, 361, 224, 447, 0, 300, 224, 224, 583, 500, 2193, 1897, 2408, 2283, 2561, 2280, 2571, 2731, 2147, 1972, 2081, 1844, 2421, 2267, 2052, 2404, 2202, 2759, 2441, 4534, 4173, 4319, 4000, 4880, 4244, 4780, 4941, 4665, 3932, 3734, 3766, 3471, 3981, 4026, 3833, 3544, 4080, 3606, 3956, 4179, 3716, 6412, 5903, 5404, 6400, 5400, 6403, 5404, 6420, 4026, 3544, 3068, 3981, 3008, 3471, 2983, 3932, 3437, 6742, 6466, 4111, 6500, 3640, 640, 6046, 6185, 5882, 6107, 6294, 5640, 3770, 3493, 3195, 2941, 2953, 2865, 2657, 2550, 2441, 2193, 3138, 2968, 2818, 2460, 2283, 2561, 1897, 1860, 2193], [1600, 539, 640, 200, 283, 224, 300, 0, 283, 447, 500, 583, 2421, 2012, 2617, 2441, 2759, 2377, 2657, 2865, 1887, 1720, 1844, 1628, 2193, 2052, 1860, 2202, 2025, 2561, 2283, 4314, 3970, 4123, 3828, 4675, 4082, 4604, 4771, 4518, 3635, 3437, 3471, 3178, 3688, 3736, 3544, 3257, 3795, 3324, 3677, 3900, 3444, 6113, 5604, 5104, 6100, 5100, 6103, 5104, 6120, 3736, 3257, 2786, 3688, 2720, 3178, 2693, 3635, 3140, 6573, 6313, 3828, 6325, 3362, 510, 5883, 6000, 5714, 5920, 6088, 5464, 3669, 3384, 3105, 2864, 2823, 2731, 2571, 2435, 2283, 2088, 3302, 3140, 2968, 2608, 2441, 2759, 2012, 2052, 2421], [1811, 700, 728, 447, 400, 500, 224, 283, 0, 200, 361, 316, 2140, 1746, 2335, 2163, 2476, 2119, 2404, 2594, 1970, 1789, 1887, 1640, 2220, 2062, 1838, 2193, 1985, 2546, 2220, 4328, 3960, 4104, 3780, 4667, 4022, 4561, 4720, 4442, 3812, 3612, 3635, 3338, 3847, 3883, 3688, 3396, 3929, 3448, 3795, 4016, 3547, 6329, 5814, 5315, 6303, 5304, 6300, 5300, 6307, 3985, 3511, 3046, 3929, 2973, 3421, 2941, 3864, 3373, 6851, 6586, 4085, 6603, 3625, 762, 6159, 6280, 5991, 6201, 6370, 5743, 3922, 3640, 3353, 3105, 3087, 2997, 2816, 2693, 2555, 2341, 3362, 3191, 3041, 2683, 2506, 2780, 2119, 2081, 2404], [2010, 728, 700, 566, 447, 640, 224, 447, 200, 0, 500, 316, 1985, 1676, 2193, 2059, 2343, 2062, 2354, 2508, 2154, 1970, 2059, 1803, 2385, 2220, 1985, 2343, 2121, 2691, 2343, 4482, 4104, 4243, 3905, 4810, 4140, 4686, 4841, 4549, 4011, 3812, 3833, 3536, 4045, 4079, 3883, 3590, 4123, 3640, 3985, 4206, 3734, 6528, 6013, 5515, 6503, 5504, 6500, 5500, 6507, 4176, 3700, 3231, 4123, 3162, 3614, 3132, 4061, 3569, 6963, 6689, 4272, 6720, 3808, 860, 6268, 6403, 6103, 6325, 6507, 5860, 3992, 3716, 3418, 3162, 3176, 3089, 2879, 2773, 2663, 2417, 3265, 3089, 2955, 2600, 2417, 2663, 2062, 1972, 2267], [1676, 1020, 1077, 700, 728, 707, 583, 500, 361, 500, 0, 300, 2147, 1581, 2302, 2052, 2421, 1924, 2193, 2441, 1676, 1487, 1565, 1304, 1887, 1720, 1487, 1844, 1628, 2193, 1860, 3982, 3607, 3748, 3421, 4314, 3662, 4201, 4360, 4082, 3600, 3400, 3406, 3106, 3612, 3635, 3437, 3140, 3667, 3178, 3517, 3736, 3257, 6166, 5644, 5148, 6120, 5124, 6107, 5109, 6100, 3900, 3444, 3002, 3828, 2907, 3324, 2864, 3736, 3257, 6997, 6754, 4025, 6742, 3585, 1005, 6313, 6407, 6140, 6325, 6466, 5883, 4148, 3860, 3590, 3354, 3289, 3195, 3059, 2912, 2731, 2571, 3722, 3551, 3400, 3041, 2865, 3140, 2470, 2441, 2759], [1965, 1005, 1005, 762, 707, 806, 500, 583, 316, 316, 300, 0, 1887, 1432, 2062, 1860, 2193, 1803, 2088, 2283, 1965, 1772, 1838, 1565, 2147, 1972, 1720, 2081, 1844, 2421, 2052, 4220, 3829, 3962, 3612, 4534, 3842, 4393, 4545, 4244, 3900, 3700, 3705, 3406, 3912, 3932, 3734, 3437, 3962, 3471, 3808, 4026, 3544, 6463, 5941, 5445, 6420, 5423, 6407, 5408, 6400, 4179, 3716, 3265, 4111, 3178, 3606, 3138, 4026, 3544, 7156, 6896, 4295, 6907, 3847, 1077, 6466, 6580, 6297, 6500, 6660, 6046, 4238, 3956, 3669, 3421, 3401, 3311, 3132, 3008, 2865, 2657, 3578, 3400, 3270, 2915, 2731, 2968, 2377, 2283, 2561], [3808, 2625, 2500, 2550, 2404, 2625, 2193, 2421, 2140, 1985, 2147, 1887, 0, 1044, 300, 707, 500, 1221, 1414, 1118, 3536, 3338, 3314, 3015, 3500, 3300, 3000, 3306, 3007, 3536, 3041, 5220, 4743, 4810, 4346, 5385, 4472, 5054, 5148, 4717, 5590, 5394, 5360, 5064, 5544, 5523, 5324, 5025, 5508, 5009, 5301, 5500, 5000, 8223, 7690, 7203, 8139, 7159, 8105, 7120, 8062, 6042, 5590, 5148, 5962, 5054, 5463, 5009, 5852, 5385, 8902, 8602, 6172, 8668, 5731, 2828, 8201, 8363, 8043, 8288, 8485, 7810, 5831, 5576, 5248, 4974, 5080, 5000, 4717, 4662, 4610, 4301, 4200, 4000, 4011, 3734, 3536, 3500, 3448, 3041, 3000], [3081, 2404, 2354, 2193, 2119, 2236, 1897, 2012, 1746, 1676, 1581, 1432, 1044, 0, 1000, 539, 1020, 400, 700, 860, 2625, 2435, 2377, 2088, 2518, 2319, 2022, 2302, 2002, 2508, 2010, 4176, 3700, 3770, 3311, 4346, 3448, 4031, 4134, 3720, 4684, 4492, 4438, 4148, 4610, 4571, 4374, 4079, 4540, 4045, 4319, 4510, 4011, 7338, 6801, 6325, 7228, 6264, 7181, 6210, 7120, 5300, 4883, 4482, 5197, 4360, 4717, 4301, 5054, 4614, 8576, 8324, 5464, 8322, 5061, 2508, 7889, 7988, 7718, 7906, 8043, 7463, 5665, 5385, 5092, 4838, 4833, 4742, 4554, 4438, 4294, 4085, 4610, 4415, 4357, 4031, 3833, 3929, 3600, 3338, 3448], [3936, 2860, 2746, 2759, 2625, 2828, 2408, 2617, 2335, 2193, 2302, 2062, 300, 1000, 0, 539, 200, 1077, 1221, 860, 3590, 3396, 3354, 3059, 3513, 3314, 3015, 3302, 3002, 3506, 3007, 5142, 4657, 4713, 4238, 5281, 4346, 4924, 5009, 4565, 5652, 5457, 5413, 5120, 5590, 5558, 5360, 5064, 5533, 5036, 5315, 5508, 5009, 8297, 7762, 7280, 8200, 7228, 8158, 7181, 8105, 6172, 5731, 5300, 6084, 5197, 5590, 5148, 5962, 5504, 9140, 8848, 6313, 8902, 5883, 3048, 8440, 8591, 8280, 8515, 8700, 8043, 6090, 5831, 5507, 5235, 5325, 5243, 4974, 4909, 4841, 4549, 4500, 4300, 4310, 4031, 3833, 3800, 3736, 3338, 3300], [3606, 2773, 2693, 2608, 2506, 2663, 2283, 2441, 2163, 2059, 2052, 1860, 707, 539, 539, 0, 500, 539, 707, 500, 3162, 2973, 2912, 2625, 3041, 2844, 2550, 2816, 2518, 3000, 2500, 4610, 4123, 4176, 3700, 4743, 3808, 4386, 4472, 4031, 5220, 5029, 4973, 4684, 5142, 5099, 4903, 4610, 5064, 4571, 4837, 5025, 4528, 7875, 7338, 6862, 7762, 6801, 7713, 6745, 7649, 5831, 5408, 5000, 5731, 4883, 5248, 4826, 5590, 5148, 9014, 8746, 5991, 8766, 5580, 2915, 8322, 8440, 8154, 8360, 8515, 7906, 6042, 5770, 5463, 5200, 5235, 5148, 4924, 4830, 4717, 4472, 4727, 4528, 4504, 4200, 4000, 4031, 3833, 3500, 3536], [4031, 3023, 2915, 2907, 2780, 2973, 2561, 2759, 2476, 2343, 2421, 2193, 500, 1020, 200, 500, 0, 1020, 1118, 707, 3640, 3448, 3396, 3105, 3536, 3338, 3041, 3314, 3015, 3500, 3000, 5099, 4610, 4657, 4176, 5220, 4272, 4847, 4924, 4472, 5701, 5508, 5457, 5166, 5629, 5590, 5394, 5099, 5558, 5064, 5334, 5523, 5025, 8352, 7816, 7338, 8246, 7280, 8200, 7228, 8139, 6265, 5831, 5408, 6172, 5300, 5682, 5248, 6042, 5590, 9301, 9014, 6414, 9060, 5991, 3202, 8602, 8746, 8440, 8668, 8846, 8201, 6265, 6003, 5682, 5412, 5492, 5408, 5148, 5077, 5000, 4717, 4700, 4500, 4510, 4230, 4031, 4000, 3929, 3536, 3500], [3330, 2789, 2746, 2563, 2500, 2600, 2280, 2377, 2119, 2062, 1924, 1803, 1221, 400, 1077, 539, 1020, 0, 300, 583, 2773, 2594, 2508, 2236, 2596, 2404, 2119, 2354, 2062, 2508, 2010, 4079, 3590, 3640, 3162, 4206, 3270, 3848, 3936, 3499, 4810, 4624, 4554, 4272, 4713, 4657, 4464, 4176, 4610, 4123, 4374, 4554, 4061, 7467, 6929, 6462, 7338, 6391, 7280, 6325, 7203, 5522, 5122, 4742, 5408, 4610, 4941, 4545, 5248, 4826, 8919, 8677, 5701, 8661, 5315, 2879, 8237, 8322, 8062, 8238, 8360, 7803, 6041, 5758, 5471, 5220, 5200, 5108, 4934, 4810, 4652, 4460, 5001, 4805, 4752, 4428, 4230, 4317, 4000, 3734, 3833], [3536, 3081, 3041, 2846, 2789, 2879, 2571, 2657, 2404, 2354, 2193, 2088, 1414, 700, 1221, 707, 1118, 300, 0, 500, 2915, 2746, 2642, 2385, 2693, 2508, 2236, 2435, 2154, 2550, 2062, 4031, 3536, 3569, 3081, 4123, 3162, 3734, 3808, 3354, 4924, 4742, 4662, 4386, 4810, 4743, 4554, 4272, 4684, 4206, 4438, 4610, 4123, 7577, 7038, 6580, 7433, 6500, 7368, 6426, 7280, 5701, 5315, 4950, 5580, 4810, 5122, 4742, 5408, 5000, 9179, 8944, 5890, 8919, 5517, 3162, 8500, 8576, 8324, 8491, 8602, 8062, 6325, 6041, 5757, 5508, 5478, 5385, 5220, 5092, 4924, 4743, 5295, 5099, 5049, 4727, 4528, 4610, 4300, 4031, 4123], [3905, 3231, 3162, 3041, 2955, 3089, 2731, 2865, 2594, 2508, 2441, 2283, 1118, 860, 860, 500, 707, 583, 500, 0, 3354, 3176, 3087, 2818, 3162, 2973, 2693, 2912, 2625, 3041, 2550, 4528, 4031, 4061, 3569, 4610, 3640, 4206, 4272, 3808, 5385, 5200, 5126, 4847, 5281, 5220, 5029, 4743, 5166, 4684, 4924, 5099, 4610, 8041, 7503, 7038, 7906, 6964, 7845, 6895, 7762, 6103, 5701, 5315, 5991, 5186, 5522, 5122, 5831, 5408, 9434, 9179, 6280, 9181, 5890, 3354, 8746, 8848, 8576, 8766, 8902, 8322, 6500, 6224, 5924, 5665, 5680, 5590, 5385, 5280, 5148, 4924, 5224, 5025, 5004, 4700, 4500, 4528, 4329, 4000, 4031], [1000, 2343, 2500, 2000, 2163, 1921, 2147, 1887, 1970, 2154, 1676, 1965, 3536, 2625, 3590, 3162, 3640, 2773, 2915, 3354, 0, 200, 283, 539, 500, 539, 707, 728, 860, 1000, 1118, 2500, 2236, 2417, 2256, 2915, 2550, 2973, 3162, 3041, 2062, 1868, 1825, 1530, 2010, 2000, 1800, 1500, 2010, 1513, 1844, 2062, 1581, 4713, 4176, 3700, 4610, 3640, 4571, 3590, 4528, 2828, 2500, 2236, 2691, 2059, 2267, 1972, 2500, 2121, 6801, 6671, 3048, 6515, 2746, 2121, 6185, 6135, 5991, 6041, 6042, 5701, 4528, 4230, 4079, 3929, 3635, 3536, 3640, 3396, 3041, 3162, 5093, 4950, 4742, 4386, 4243, 4610, 3754, 3905, 4301], [1020, 2193, 2343, 1844, 2000, 1769, 1972, 1720, 1789, 1970, 1487, 1772, 3338, 2435, 3396, 2973, 3448, 2594, 2746, 3176, 200, 0, 200, 361, 539, 500, 583, 700, 762, 1020, 1044, 2625, 2332, 2506, 2309, 3023, 2596, 3046, 3231, 3081, 2256, 2062, 2022, 1726, 2209, 2200, 2000, 1700, 2209, 1712, 2040, 2256, 1772, 4904, 4368, 3890, 4805, 3833, 4768, 3785, 4727, 2973, 2625, 2332, 2843, 2163, 2404, 2081, 2663, 2267, 6862, 6719, 3183, 6579, 2860, 1985, 6236, 6203, 6044, 6110, 6127, 5757, 4510, 4211, 4045, 3883, 3612, 3513, 3590, 3354, 3015, 3105, 4958, 4810, 4610, 4252, 4104, 4460, 3624, 3754, 4140], [1217, 2335, 2476, 1980, 2126, 1910, 2081, 1844, 1887, 2059, 1565, 1838, 3314, 2377, 3354, 2912, 3396, 2508, 2642, 3087, 283, 200, 0, 300, 361, 300, 424, 500, 583, 825, 854, 2476, 2163, 2332, 2119, 2860, 2404, 2864, 3046, 2886, 2309, 2119, 2062, 1772, 2236, 2209, 2010, 1712, 2200, 1700, 2010, 2220, 1726, 4965, 4427, 3956, 4851, 3890, 4805, 3833, 4752, 3111, 2780, 2506, 2973, 2332, 2550, 2247, 2780, 2404, 7052, 6912, 3330, 6768, 3023, 2140, 6429, 6391, 6236, 6297, 6307, 5948, 4710, 4410, 4243, 4079, 3812, 3712, 3785, 3551, 3214, 3298, 5109, 4958, 4763, 4405, 4252, 4597, 3780, 3890, 4264], [1300, 2140, 2267, 1780, 1910, 1720, 1844, 1628, 1640, 1803, 1304, 1565, 3015, 2088, 3059, 2625, 3105, 2236, 2385, 2818, 539, 361, 300, 0, 583, 424, 300, 583, 500, 943, 800, 2691, 2343, 2500, 2236, 3048, 2508, 3002, 3176, 2973, 2596, 2404, 2354, 2062, 2532, 2508, 2309, 2010, 2500, 2000, 2309, 2518, 2022, 5250, 4713, 4238, 5142, 4176, 5099, 4123, 5049, 3330, 2973, 2663, 3202, 2500, 2759, 2421, 3023, 2625, 7151, 6992, 3536, 6871, 3202, 1972, 6515, 6500, 6325, 6408, 6441, 6041, 4700, 4400, 4211, 4031, 3800, 3700, 3734, 3513, 3200, 3239, 4920, 4763, 4580, 4220, 4061, 4386, 3606, 3680, 4036], [1500, 2691, 2828, 2335, 2476, 2267, 2421, 2193, 2220, 2385, 1887, 2147, 3500, 2518, 3513, 3041, 3536, 2596, 2693, 3162, 500, 539, 361, 583, 0, 200, 500, 283, 539, 500, 707, 2121, 1803, 1972, 1772, 2500, 2062, 2508, 2693, 2550, 2236, 2059, 1970, 1700, 2119, 2062, 1868, 1581, 2022, 1530, 1803, 2000, 1500, 4885, 4346, 3891, 4743, 3808, 4684, 3734, 4610, 3202, 2915, 2693, 3048, 2508, 2663, 2417, 2828, 2500, 7280, 7159, 3441, 6992, 3176, 2500, 6671, 6610, 6476, 6515, 6500, 6185, 5025, 4727, 4571, 4415, 4130, 4031, 4123, 3883, 3536, 3640, 5467, 5315, 5122, 4763, 4610, 4950, 4140, 4243, 4610], [1513, 2561, 2691, 2202, 2335, 2140, 2267, 2052, 2062, 2220, 1720, 1972, 3300, 2319, 3314, 2844, 3338, 2404, 2508, 2973, 539, 500, 300, 424, 200, 0, 300, 200, 361, 539, 583, 2267, 1921, 2081, 1838, 2625, 2119, 2594, 2773, 2596, 2417, 2236, 2154, 1879, 2309, 2256, 2062, 1772, 2220, 1726, 2002, 2200, 1700, 5070, 4531, 4072, 4934, 3992, 4876, 3922, 4805, 3330, 3023, 2773, 3183, 2594, 2780, 2506, 2973, 2625, 7338, 7203, 3561, 7052, 3276, 2385, 6719, 6673, 6525, 6579, 6580, 6236, 5009, 4710, 4540, 4374, 4111, 4011, 4079, 3847, 3513, 3590, 5341, 5186, 5000, 4640, 4482, 4810, 4022, 4104, 4460], [1581, 2385, 2500, 2025, 2140, 1972, 2052, 1860, 1838, 1985, 1487, 1720, 3000, 2022, 3015, 2550, 3041, 2119, 2236, 2693, 707, 583, 424, 300, 500, 300, 0, 361, 200, 707, 500, 2500, 2121, 2267, 1972, 2828, 2236, 2746, 2915, 2693, 2693, 2508, 2435, 2154, 2596, 2550, 2354, 2062, 2518, 2022, 2302, 2500, 2000, 5349, 4810, 4346, 5220, 4272, 5166, 4206, 5099, 3536, 3202, 2915, 3397, 2746, 2973, 2663, 3202, 2828, 7433, 7280, 3754, 7151, 3441, 2236, 6801, 6778, 6610, 6685, 6708, 6325, 5000, 4700, 4510, 4329, 4100, 4000, 4031, 3812, 3500, 3536, 5161, 5000, 4826, 4465, 4301, 4610, 3859, 3905, 4243], [1712, 2720, 2843, 2360, 2484, 2302, 2404, 2202, 2193, 2343, 1844, 2081, 3306, 2302, 3302, 2816, 3314, 2354, 2435, 2912, 728, 700, 500, 583, 283, 200, 361, 0, 300, 361, 424, 2140, 1769, 1921, 1655, 2476, 1931, 2419, 2594, 2404, 2506, 2332, 2236, 1972, 2377, 2309, 2119, 1838, 2256, 1772, 2022, 2209, 1712, 5148, 4610, 4159, 4998, 4072, 4934, 3992, 4851, 3483, 3191, 2955, 3330, 2773, 2941, 2683, 3111, 2780, 7529, 7398, 3720, 7242, 3448, 2555, 6912, 6862, 6719, 6768, 6762, 6429, 5209, 4909, 4738, 4571, 4310, 4211, 4276, 4045, 3712, 3785, 5500, 5341, 5161, 4801, 4640, 4958, 4188, 4252, 4597], [1772, 2555, 2663, 2195, 2302, 2147, 2202, 2025, 1985, 2121, 1628, 1844, 3007, 2002, 3002, 2518, 3015, 2062, 2154, 2625, 860, 762, 583, 500, 539, 361, 200, 300, 0, 583, 300, 2385, 1985, 2121, 1803, 2691, 2059, 2581, 2746, 2508, 2773, 2594, 2508, 2236, 2657, 2596, 2404, 2119, 2550, 2062, 2319, 2508, 2010, 5423, 4885, 4428, 5281, 4346, 5220, 4272, 5142, 3680, 3360, 3089, 3536, 2915, 3124, 2830, 3330, 2973, 7622, 7473, 3905, 7339, 3606, 2417, 6992, 6964, 6801, 6871, 6888, 6515, 5200, 4900, 4710, 4528, 4300, 4200, 4230, 4011, 3700, 3734, 5325, 5161, 4993, 4632, 4465, 4763, 4031, 4061, 4386], [2000, 3081, 3202, 2720, 2843, 2663, 2759, 2561, 2546, 2691, 2193, 2421, 3536, 2508, 3506, 3000, 3500, 2508, 2550, 3041, 1000, 1020, 825, 943, 500, 539, 707, 361, 583, 0, 500, 1803, 1414, 1562, 1300, 2121, 1581, 2059, 2236, 2062, 2500, 2343, 2220, 1985, 2332, 2236, 2059, 1803, 2154, 1700, 1897, 2062, 1581, 5100, 4565, 4134, 4924, 4031, 4847, 3936, 4743, 3606, 3354, 3162, 3441, 2973, 3089, 2879, 3202, 2915, 7762, 7649, 3859, 7473, 3625, 2915, 7159, 7088, 6963, 6992, 6964, 6671, 5523, 5224, 5064, 4903, 4627, 4528, 4610, 4374, 4031, 4123, 5860, 5701, 5522, 5161, 5000, 5315, 4549, 4610, 4950], [2062, 2818, 2915, 2460, 2555, 2417, 2441, 2283, 2220, 2343, 1860, 2052, 3041, 2010, 3007, 2500, 3000, 2010, 2062, 2550, 1118, 1044, 854, 800, 707, 583, 500, 424, 300, 500, 0, 2236, 1803, 1921, 1562, 2500, 1803, 2343, 2500, 2236, 2915, 2746, 2642, 2385, 2773, 2693, 2508, 2236, 2625, 2154, 2377, 2550, 2062, 5546, 5009, 4565, 5385, 4472, 5314, 4386, 5220, 3905, 3606, 3354, 3754, 3176, 3360, 3089, 3536, 3202, 7906, 7762, 4140, 7622, 3859, 2693, 7280, 7245, 7088, 7151, 7159, 6801, 5500, 5200, 5009, 4826, 4600, 4500, 4528, 4310, 4000, 4031, 5576, 5408, 5248, 4888, 4717, 5000, 4294, 4301, 4610], [3354, 4810, 4950, 4455, 4597, 4386, 4534, 4314, 4328, 4482, 3982, 4220, 5220, 4176, 5142, 4610, 5099, 4079, 4031, 4528, 2500, 2625, 2476, 2691, 2121, 2267, 2500, 2140, 2385, 1803, 2236, 0, 500, 539, 1020, 500, 1118, 943, 1118, 1414, 2550, 2518, 2319, 2300, 2256, 2062, 2022, 2000, 1868, 1800, 1628, 1581, 1500, 4534, 4061, 3774, 4243, 3606, 4104, 3441, 3905, 4031, 4000, 4031, 3833, 3833, 3700, 3734, 3536, 3500, 8515, 8500, 4329, 8215, 4300, 4610, 8000, 7816, 7800, 7716, 7566, 7500, 6801, 6515, 6426, 6316, 5946, 5852, 6042, 5778, 5385, 5590, 7582, 7433, 7235, 6877, 6727, 7071, 6248, 6364, 6727], [3162, 4482, 4610, 4123, 4252, 4061, 4173, 3970, 3960, 4104, 3607, 3829, 4743, 3700, 4657, 4123, 4610, 3590, 3536, 4031, 2236, 2332, 2163, 2343, 1803, 1921, 2121, 1769, 1985, 1414, 1803, 500, 0, 200, 539, 707, 707, 800, 1000, 1118, 2693, 2625, 2435, 2354, 2417, 2236, 2154, 2062, 2059, 1868, 1789, 1803, 1581, 4880, 4386, 4061, 4610, 3905, 4482, 3754, 4301, 4123, 4031, 4000, 3929, 3800, 3734, 3700, 3640, 3536, 8559, 8515, 4415, 8261, 4329, 4301, 8016, 7864, 7816, 7765, 7649, 7517, 6671, 6379, 6264, 6135, 5797, 5701, 5852, 5597, 5220, 5385, 7262, 7106, 6920, 6560, 6403, 6727, 5941, 6021, 6364], [3353, 4640, 4763, 4280, 4405, 4220, 4319, 4123, 4104, 4243, 3748, 3962, 4810, 3770, 4713, 4176, 4657, 3640, 3569, 4061, 2417, 2506, 2332, 2500, 1972, 2081, 2267, 1921, 2121, 1562, 1921, 539, 200, 0, 500, 583, 583, 600, 800, 943, 2879, 2816, 2625, 2550, 2600, 2417, 2341, 2256, 2236, 2062, 1970, 1972, 1772, 5021, 4534, 4220, 4742, 4061, 4610, 3905, 4420, 4317, 4230, 4200, 4123, 4000, 3932, 3900, 3833, 3734, 8757, 8714, 4610, 8459, 4528, 4465, 8215, 8062, 8016, 7963, 7845, 7716, 6866, 6573, 6456, 6325, 5991, 5894, 6041, 5787, 5412, 5571, 7420, 7262, 7080, 6720, 6560, 6877, 6103, 6172, 6507], [3239, 4357, 4465, 3996, 4105, 3945, 4000, 3828, 3780, 3905, 3421, 3612, 4346, 3311, 4238, 3700, 4176, 3162, 3081, 3569, 2256, 2309, 2119, 2236, 1772, 1838, 1972, 1655, 1803, 1300, 1562, 1020, 539, 500, 0, 1044, 300, 781, 943, 800, 3089, 2997, 2818, 2693, 2830, 2663, 2555, 2417, 2500, 2236, 2220, 2267, 1972, 5381, 4880, 4534, 5122, 4386, 5000, 4243, 4826, 4460, 4317, 4230, 4272, 4031, 4026, 3932, 3992, 3833, 8828, 8757, 4743, 8533, 4610, 4206, 8261, 8139, 8062, 8041, 7956, 7765, 6774, 6478, 6335, 6185, 5886, 5787, 5894, 5652, 5295, 5412, 7128, 6963, 6796, 6435, 6268, 6560, 5831, 5860, 6172], [3808, 5186, 5315, 4827, 4958, 4763, 4880, 4675, 4667, 4810, 4314, 4534, 5385, 4346, 5281, 4743, 5220, 4206, 4123, 4610, 2915, 3023, 2860, 3048, 2500, 2625, 2828, 2476, 2691, 2121, 2500, 500, 707, 583, 1044, 0, 1000, 583, 707, 1118, 3041, 3015, 2816, 2800, 2746, 2550, 2518, 2500, 2354, 2300, 2121, 2062, 2000, 4920, 4465, 4206, 4610, 4031, 4460, 3859, 4243, 4528, 4500, 4528, 4329, 4329, 4200, 4230, 4031, 4000, 9014, 9000, 4826, 8714, 4800, 5000, 8500, 8315, 8300, 8215, 8062, 8000, 7280, 6992, 6895, 6778, 6420, 6325, 6500, 6239, 5852, 6042, 7965, 7810, 7622, 7262, 7106, 7433, 6640, 6727, 7071], [3536, 4614, 4717, 4254, 4357, 4206, 4244, 4082, 4022, 4140, 3662, 3842, 4472, 3448, 4346, 3808, 4272, 3270, 3162, 3640, 2550, 2596, 2404, 2508, 2062, 2119, 2236, 1931, 2059, 1581, 1803, 1118, 707, 583, 300, 1000, 0, 583, 707, 500, 3354, 3270, 3087, 2973, 3089, 2915, 2818, 2693, 2746, 2508, 2470, 2500, 2236, 5587, 5093, 4763, 5315, 4610, 5186, 4460, 5000, 4743, 4610, 4528, 4554, 4329, 4317, 4230, 4272, 4123, 9124, 9055, 5029, 8828, 4903, 4472, 8559, 8434, 8360, 8336, 8246, 8062, 7071, 6774, 6629, 6476, 6181, 6083, 6185, 5944, 5590, 5701, 7378, 7211, 7049, 6689, 6519, 6801, 6090, 6103, 6403], [3929, 5131, 5243, 4771, 4883, 4717, 4780, 4604, 4561, 4686, 4201, 4393, 5054, 4031, 4924, 4386, 4847, 3848, 3734, 4206, 2973, 3046, 2864, 3002, 2508, 2594, 2746, 2419, 2581, 2059, 2343, 943, 800, 600, 781, 583, 583, 0, 200, 539, 3448, 3396, 3202, 3140, 3162, 2973, 2912, 2844, 2786, 2648, 2530, 2508, 2354, 5467, 5000, 4717, 5166, 4549, 5021, 4383, 4810, 4903, 4826, 4800, 4707, 4600, 4528, 4500, 4415, 4329, 9354, 9313, 5197, 9055, 5124, 4974, 8814, 8658, 8615, 8559, 8434, 8315, 7453, 7159, 7034, 6896, 6573, 6476, 6610, 6360, 5991, 6135, 7906, 7742, 7572, 7211, 7046, 7341, 6604, 6640, 6953], [4123, 5300, 5408, 4940, 5048, 4888, 4941, 4771, 4720, 4841, 4360, 4545, 5148, 4134, 5009, 4472, 4924, 3936, 3808, 4272, 3162, 3231, 3046, 3176, 2693, 2773, 2915, 2594, 2746, 2236, 2500, 1118, 1000, 800, 943, 707, 707, 200, 0, 500, 3640, 3590, 3396, 3338, 3353, 3162, 3105, 3041, 2973, 2844, 2720, 2693, 2550, 5622, 5161, 4888, 5315, 4717, 5166, 4549, 4950, 5099, 5025, 5000, 4903, 4800, 4727, 4700, 4610, 4528, 9552, 9513, 5394, 9254, 5324, 5148, 9014, 8857, 8814, 8757, 8631, 8515, 7649, 7355, 7228, 7088, 6768, 6671, 6801, 6552, 6185, 6325, 8071, 7906, 7739, 7378, 7211, 7500, 6774, 6801, 7106], [4031, 5054, 5148, 4696, 4789, 4652, 4665, 4518, 4442, 4549, 4082, 4244, 4717, 3720, 4565, 4031, 4472, 3499, 3354, 3808, 3041, 3081, 2886, 2973, 2550, 2596, 2693, 2404, 2508, 2062, 2236, 1414, 1118, 943, 800, 1118, 500, 539, 500, 0, 3808, 3734, 3547, 3448, 3534, 3354, 3270, 3162, 3176, 2973, 2907, 2915, 2693, 5946, 5467, 5161, 5657, 5000, 5517, 4841, 5315, 5220, 5099, 5025, 5029, 4826, 4805, 4727, 4743, 4610, 9618, 9552, 5508, 9321, 5394, 4924, 9055, 8927, 8857, 8828, 8732, 8559, 7566, 7269, 7120, 6963, 6675, 6576, 6671, 6433, 6083, 6185, 7803, 7632, 7479, 7120, 6946, 7211, 6530, 6519, 6801], [2062, 3929, 4123, 3667, 3864, 3569, 3932, 3635, 3812, 4011, 3600, 3900, 5590, 4684, 5652, 5220, 5701, 4810, 4924, 5385, 2062, 2256, 2309, 2596, 2236, 2417, 2693, 2506, 2773, 2500, 2915, 2550, 2693, 2879, 3089, 3041, 3354, 3448, 3640, 3808, 0, 200, 283, 539, 300, 500, 539, 707, 700, 860, 922, 1000, 1118, 2657, 2119, 1655, 2550, 1581, 2518, 1530, 2500, 1500, 1581, 1803, 1300, 1640, 1300, 1562, 1000, 1118, 6000, 6021, 1800, 5700, 1868, 3640, 5523, 5300, 5324, 5200, 5025, 5025, 4717, 4465, 4482, 4460, 3982, 3905, 4243, 3960, 3536, 3905, 6363, 6265, 6003, 5682, 5590, 6042, 5054, 5385, 5852], [1868, 3736, 3929, 3471, 3667, 3373, 3734, 3437, 3612, 3812, 3400, 3700, 5394, 4492, 5457, 5029, 5508, 4624, 4742, 5200, 1868, 2062, 2119, 2404, 2059, 2236, 2508, 2332, 2594, 2343, 2746, 2518, 2625, 2816, 2997, 3015, 3270, 3396, 3590, 3734, 200, 0, 200, 361, 361, 539, 500, 583, 728, 762, 900, 1020, 1044, 2846, 2309, 1838, 2746, 1772, 2717, 1726, 2700, 1513, 1530, 1700, 1315, 1526, 1237, 1442, 1020, 1044, 6003, 6007, 1811, 5704, 1825, 3448, 5508, 5304, 5308, 5204, 5049, 5009, 4614, 4357, 4360, 4328, 3860, 3780, 4104, 3821, 3397, 3754, 6191, 6090, 5831, 5507, 5412, 5860, 4876, 5200, 5665], [1931, 3795, 3985, 3517, 3711, 3421, 3766, 3471, 3635, 3833, 3406, 3705, 5360, 4438, 5413, 4973, 5457, 4554, 4662, 5126, 1825, 2022, 2062, 2354, 1970, 2154, 2435, 2236, 2508, 2220, 2642, 2319, 2435, 2625, 2818, 2816, 3087, 3202, 3396, 3547, 283, 200, 0, 300, 224, 361, 300, 424, 539, 583, 700, 825, 854, 2915, 2377, 1924, 2789, 1838, 2746, 1772, 2707, 1712, 1726, 1879, 1513, 1700, 1432, 1612, 1217, 1237, 6203, 6207, 2010, 5903, 2022, 3511, 5708, 5504, 5508, 5404, 5247, 5209, 4789, 4528, 4522, 4482, 4022, 3941, 4252, 3970, 3547, 3890, 6297, 6191, 5936, 5608, 5507, 5948, 4974, 5280, 5738], [1655, 3511, 3700, 3228, 3421, 3132, 3471, 3178, 3338, 3536, 3106, 3406, 5064, 4148, 5120, 4684, 5166, 4272, 4386, 4847, 1530, 1726, 1772, 2062, 1700, 1879, 2154, 1972, 2236, 1985, 2385, 2300, 2354, 2550, 2693, 2800, 2973, 3140, 3338, 3448, 539, 361, 300, 0, 510, 583, 424, 300, 707, 500, 762, 943, 800, 3195, 2657, 2193, 3081, 2119, 3041, 2062, 3007, 1772, 1700, 1772, 1581, 1581, 1400, 1487, 1300, 1200, 6220, 6200, 2062, 5921, 2000, 3231, 5700, 5523, 5500, 5423, 5295, 5200, 4652, 4383, 4357, 4301, 3859, 3774, 4061, 3780, 3360, 3680, 6046, 5936, 5686, 5354, 5248, 5682, 4717, 5009, 5463], [2154, 4016, 4206, 3736, 3929, 3640, 3981, 3688, 3847, 4045, 3612, 3912, 5544, 4610, 5590, 5142, 5629, 4713, 4810, 5281, 2010, 2209, 2236, 2532, 2119, 2309, 2596, 2377, 2657, 2332, 2773, 2256, 2417, 2600, 2830, 2746, 3089, 3162, 3353, 3534, 300, 361, 224, 510, 0, 200, 283, 539, 400, 640, 632, 700, 860, 2773, 2236, 1803, 2625, 1700, 2571, 1616, 2518, 1800, 1868, 2059, 1600, 1887, 1581, 1803, 1300, 1393, 6300, 6320, 2100, 6000, 2159, 3734, 5822, 5600, 5622, 5500, 5324, 5324, 4974, 4717, 4720, 4686, 4220, 4140, 4460, 4177, 3754, 4104, 6519, 6414, 6159, 5831, 5731, 6172, 5197, 5504, 5962], [2236, 4085, 4272, 3795, 3985, 3700, 4026, 3736, 3883, 4079, 3635, 3932, 5523, 4571, 5558, 5099, 5590, 4657, 4743, 5220, 2000, 2200, 2209, 2508, 2062, 2256, 2550, 2309, 2596, 2236, 2693, 2062, 2236, 2417, 2663, 2550, 2915, 2973, 3162, 3354, 500, 539, 361, 583, 200, 0, 200, 500, 200, 539, 447, 500, 707, 2865, 2332, 1921, 2693, 1803, 2625, 1700, 2550, 2000, 2062, 2236, 1800, 2059, 1772, 1972, 1500, 1581, 6500, 6519, 2300, 6200, 2354, 3808, 6021, 5800, 5822, 5700, 5523, 5523, 5148, 4888