{"vehicles": [{"id": 0, "start_index": 0, "end_index": 0, "capacity": [700], "time_window": [0, 339000]}, {"id": 1, "start_index": 0, "end_index": 0, "capacity": [700], "time_window": [0, 339000]}, {"id": 2, "start_index": 0, "end_index": 0, "capacity": [700], "time_window": [0, 339000]}, {"id": 3, "start_index": 0, "end_index": 0, "capacity": [700], "time_window": [0, 339000]}, {"id": 4, "start_index": 0, "end_index": 0, "capacity": [700], "time_window": [0, 339000]}, {"id": 5, "start_index": 0, "end_index": 0, "capacity": [700], "time_window": [0, 339000]}, {"id": 6, "start_index": 0, "end_index": 0, "capacity": [700], "time_window": [0, 339000]}, {"id": 7, "start_index": 0, "end_index": 0, "capacity": [700], "time_window": [0, 339000]}, {"id": 8, "start_index": 0, "end_index": 0, "capacity": [700], "time_window": [0, 339000]}, {"id": 9, "start_index": 0, "end_index": 0, "capacity": [700], "time_window": [0, 339000]}, {"id": 10, "start_index": 0, "end_index": 0, "capacity": [700], "time_window": [0, 339000]}, {"id": 11, "start_index": 0, "end_index": 0, "capacity": [700], "time_window": [0, 339000]}, {"id": 12, "start_index": 0, "end_index": 0, "capacity": [700], "time_window": [0, 339000]}, {"id": 13, "start_index": 0, "end_index": 0, "capacity": [700], "time_window": [0, 339000]}, {"id": 14, "start_index": 0, "end_index": 0, "capacity": [700], "time_window": [0, 339000]}, {"id": 15, "start_index": 0, "end_index": 0, "capacity": [700], "time_window": [0, 339000]}, {"id": 16, "start_index": 0, "end_index": 0, "capacity": [700], "time_window": [0, 339000]}, {"id": 17, "start_index": 0, "end_index": 0, "capacity": [700], "time_window": [0, 339000]}, {"id": 18, "start_index": 0, "end_index": 0, "capacity": [700], "time_window": [0, 339000]}, {"id": 19, "start_index": 0, "end_index": 0, "capacity": [700], "time_window": [0, 339000]}, {"id": 20, "start_index": 0, "end_index": 0, "capacity": [700], "time_window": [0, 339000]}, {"id": 21, "start_index": 0, "end_index": 0, "capacity": [700], "time_window": [0, 339000]}, {"id": 22, "start_index": 0, "end_index": 0, "capacity": [700], "time_window": [0, 339000]}, {"id": 23, "start_index": 0, "end_index": 0, "capacity": [700], "time_window": [0, 339000]}, {"id": 24, "start_index": 0, "end_index": 0, "capacity": [700], "time_window": [0, 339000]}], "jobs": [{"id": 1, "location_index": 1, "delivery": [10], "service": 9000, "time_windows": [[30200, 47900]]}, {"id": 2, "location_index": 2, "delivery": [30], "service": 9000, "time_windows": [[15700, 42800]]}, {"id": 3, "location_index": 3, "delivery": [10], "service": 9000, "time_windows": [[113800, 135500]]}, {"id": 4, "location_index": 4, "delivery": [10], "service": 9000, "time_windows": [[124700, 143400]]}, {"id": 5, "location_index": 5, "delivery": [10], "service": 9000, "time_windows": [[1500, 20800]]}, {"id": 6, "location_index": 6, "delivery": [20], "service": 9000, "time_windows": [[20900, 94400]]}, {"id": 7, "location_index": 7, "delivery": [20], "service": 9000, "time_windows": [[105900, 124600]]}, {"id": 8, "location_index": 8, "delivery": [20], "service": 9000, "time_windows": [[203500, 328800]]}, {"id": 9, "location_index": 9, "delivery": [10], "service": 9000, "time_windows": [[209000, 327100]]}, {"id": 10, "location_index": 10, "delivery": [10], "service": 9000, "time_windows": [[231100, 328300]]}, {"id": 11, "location_index": 11, "delivery": [10], "service": 9000, "time_windows": [[242800, 312700]]}, {"id": 12, "location_index": 12, "delivery": [20], "service": 9000, "time_windows": [[177200, 262500]]}, {"id": 13, "location_index": 13, "delivery": [30], "service": 9000, "time_windows": [[213500, 283400]]}, {"id": 14, "location_index": 14, "delivery": [10], "service": 9000, "time_windows": [[158600, 262500]]}, {"id": 15, "location_index": 15, "delivery": [40], "service": 9000, "time_windows": [[185800, 273300]]}, {"id": 16, "location_index": 16, "delivery": [40], "service": 9000, "time_windows": [[151200, 251500]]}, {"id": 17, "location_index": 17, "delivery": [20], "service": 9000, "time_windows": [[189500, 288600]]}, {"id": 18, "location_index": 18, "delivery": [20], "service": 9000, "time_windows": [[129900, 234400]]}, {"id": 19, "location_index": 19, "delivery": [10], "service": 9000, "time_windows": [[146100, 237200]]}, {"id": 20, "location_index": 20, "delivery": [10], "service": 9000, "time_windows": [[1000, 96300]]}, {"id": 21, "location_index": 21, "delivery": [20], "service": 9000, "time_windows": [[206200, 328800]]}, {"id": 22, "location_index": 22, "delivery": [20], "service": 9000, "time_windows": [[1200, 75200]]}, {"id": 23, "location_index": 23, "delivery": [10], "service": 9000, "time_windows": [[131600, 212900]]}, {"id": 24, "location_index": 24, "delivery": [10], "service": 9000, "time_windows": [[1500, 53200]]}, {"id": 25, "location_index": 25, "delivery": [40], "service": 9000, "time_windows": [[217700, 299000]]}, {"id": 26, "location_index": 26, "delivery": [10], "service": 9000, "time_windows": [[103600, 221300]]}, {"id": 27, "location_index": 27, "delivery": [10], "service": 9000, "time_windows": [[1700, 60200]]}, {"id": 28, "location_index": 28, "delivery": [20], "service": 9000, "time_windows": [[101000, 204300]]}, {"id": 29, "location_index": 29, "delivery": [10], "service": 9000, "time_windows": [[2000, 94800]]}, {"id": 30, "location_index": 30, "delivery": [10], "service": 9000, "time_windows": [[6300, 70200]]}, {"id": 31, "location_index": 31, "delivery": [20], "service": 9000, "time_windows": [[30900, 141200]]}, {"id": 32, "location_index": 32, "delivery": [30], "service": 9000, "time_windows": [[33600, 100900]]}, {"id": 33, "location_index": 33, "delivery": [40], "service": 9000, "time_windows": [[23400, 129500]]}, {"id": 34, "location_index": 34, "delivery": [20], "service": 9000, "time_windows": [[95400, 189700]]}, {"id": 35, "location_index": 35, "delivery": [10], "service": 9000, "time_windows": [[37700, 153400]]}, {"id": 36, "location_index": 36, "delivery": [10], "service": 9000, "time_windows": [[81900, 184600]]}, {"id": 37, "location_index": 37, "delivery": [20], "service": 9000, "time_windows": [[49400, 160700]]}, {"id": 38, "location_index": 38, "delivery": [30], "service": 9000, "time_windows": [[63700, 164800]]}, {"id": 39, "location_index": 39, "delivery": [20], "service": 9000, "time_windows": [[83400, 164100]]}, {"id": 40, "location_index": 40, "delivery": [10], "service": 9000, "time_windows": [[146800, 232900]]}, {"id": 41, "location_index": 41, "delivery": [10], "service": 9000, "time_windows": [[248000, 319500]]}, {"id": 42, "location_index": 42, "delivery": [20], "service": 9000, "time_windows": [[242100, 307000]]}, {"id": 43, "location_index": 43, "delivery": [10], "service": 9000, "time_windows": [[236800, 293700]]}, {"id": 44, "location_index": 44, "delivery": [10], "service": 9000, "time_windows": [[162100, 236400]]}, {"id": 45, "location_index": 45, "delivery": [10], "service": 9000, "time_windows": [[180500, 256400]]}, {"id": 46, "location_index": 46, "delivery": [30], "service": 9000, "time_windows": [[178200, 239500]]}, {"id": 47, "location_index": 47, "delivery": [10], "service": 9000, "time_windows": [[224200, 287700]]}, {"id": 48, "location_index": 48, "delivery": [10], "service": 9000, "time_windows": [[260500, 326600]]}, {"id": 49, "location_index": 49, "delivery": [10], "service": 9000, "time_windows": [[81200, 128100]]}, {"id": 50, "location_index": 50, "delivery": [10], "service": 9000, "time_windows": [[184200, 290100]]}, {"id": 51, "location_index": 51, "delivery": [10], "service": 9000, "time_windows": [[188300, 267600]]}, {"id": 52, "location_index": 52, "delivery": [10], "service": 9000, "time_windows": [[207000, 285900]]}, {"id": 53, "location_index": 53, "delivery": [20], "service": 9000, "time_windows": [[107800, 159300]]}, {"id": 54, "location_index": 54, "delivery": [40], "service": 9000, "time_windows": [[99800, 148100]]}, {"id": 55, "location_index": 55, "delivery": [10], "service": 9000, "time_windows": [[89700, 139200]]}, {"id": 56, "location_index": 56, "delivery": [30], "service": 9000, "time_windows": [[108300, 177600]]}, {"id": 57, "location_index": 57, "delivery": [40], "service": 9000, "time_windows": [[142600, 218300]]}, {"id": 58, "location_index": 58, "delivery": [30], "service": 9000, "time_windows": [[113300, 191000]]}, {"id": 59, "location_index": 59, "delivery": [10], "service": 9000, "time_windows": [[139200, 202700]]}, {"id": 60, "location_index": 60, "delivery": [20], "service": 9000, "time_windows": [[118000, 204900]]}, {"id": 61, "location_index": 61, "delivery": [10], "service": 9000, "time_windows": [[22300, 73800]]}, {"id": 62, "location_index": 62, "delivery": [20], "service": 9000, "time_windows": [[1800, 47400]]}, {"id": 63, "location_index": 63, "delivery": [50], "service": 9000, "time_windows": [[1400, 36000]]}, {"id": 64, "location_index": 64, "delivery": [10], "service": 9000, "time_windows": [[24600, 89900]]}, {"id": 65, "location_index": 65, "delivery": [10], "service": 9000, "time_windows": [[70400, 119700]]}, {"id": 66, "location_index": 66, "delivery": [10], "service": 9000, "time_windows": [[39300, 94200]]}, {"id": 67, "location_index": 67, "delivery": [10], "service": 9000, "time_windows": [[1200, 42400]]}, {"id": 68, "location_index": 68, "delivery": [10], "service": 9000, "time_windows": [[64100, 107000]]}, {"id": 69, "location_index": 69, "delivery": [10], "service": 9000, "time_windows": [[53400, 98500]]}, {"id": 70, "location_index": 70, "delivery": [30], "service": 9000, "time_windows": [[211900, 268200]]}, {"id": 71, "location_index": 71, "delivery": [20], "service": 9000, "time_windows": [[219200, 241900]]}, {"id": 72, "location_index": 72, "delivery": [10], "service": 9000, "time_windows": [[13100, 64400]]}, {"id": 73, "location_index": 73, "delivery": [10], "service": 9000, "time_windows": [[216900, 281800]]}, {"id": 74, "location_index": 74, "delivery": [50], "service": 9000, "time_windows": [[8700, 49800]]}, {"id": 75, "location_index": 75, "delivery": [20], "service": 9000, "time_windows": [[4900, 34600]]}, {"id": 76, "location_index": 76, "delivery": [10], "service": 9000, "time_windows": [[210600, 231500]]}, {"id": 77, "location_index": 77, "delivery": [10], "service": 9000, "time_windows": [[270100, 325800]]}, {"id": 78, "location_index": 78, "delivery": [20], "service": 9000, "time_windows": [[259900, 316400]]}, {"id": 79, "location_index": 79, "delivery": [10], "service": 9000, "time_windows": [[250500, 287000]]}, {"id": 80, "location_index": 80, "delivery": [10], "service": 9000, "time_windows": [[236900, 281600]]}, {"id": 81, "location_index": 81, "delivery": [30], "service": 9000, "time_windows": [[256300, 300200]]}, {"id": 82, "location_index": 82, "delivery": [20], "service": 9000, "time_windows": [[189400, 211500]]}, {"id": 83, "location_index": 83, "delivery": [10], "service": 9000, "time_windows": [[175100, 207200]]}, {"id": 84, "location_index": 84, "delivery": [20], "service": 9000, "time_windows": [[161700, 182400]]}, {"id": 85, "location_index": 85, "delivery": [30], "service": 9000, "time_windows": [[196900, 224800]]}, {"id": 86, "location_index": 86, "delivery": [10], "service": 9000, "time_windows": [[171000, 192100]]}, {"id": 87, "location_index": 87, "delivery": [20], "service": 9000, "time_windows": [[297600, 327500]]}, {"id": 88, "location_index": 88, "delivery": [30], "service": 9000, "time_windows": [[148200, 176900]]}, {"id": 89, "location_index": 89, "delivery": [10], "service": 9000, "time_windows": [[127500, 159400]]}, {"id": 90, "location_index": 90, "delivery": [10], "service": 9000, "time_windows": [[278900, 327900]]}, {"id": 91, "location_index": 91, "delivery": [10], "service": 9000, "time_windows": [[144000, 162100]]}, {"id": 92, "location_index": 92, "delivery": [20], "service": 9000, "time_windows": [[64600, 90100]]}, {"id": 93, "location_index": 93, "delivery": [40], "service": 9000, "time_windows": [[800, 25800]]}, {"id": 94, "location_index": 94, "delivery": [10], "service": 9000, "time_windows": [[70800, 102700]]}, {"id": 95, "location_index": 95, "delivery": [30], "service": 9000, "time_windows": [[85200, 106900]]}, {"id": 96, "location_index": 96, "delivery": [10], "service": 9000, "time_windows": [[271300, 327500]]}, {"id": 97, "location_index": 97, "delivery": [30], "service": 9000, "time_windows": [[53700, 81600]]}, {"id": 98, "location_index": 98, "delivery": [20], "service": 9000, "time_windows": [[94800, 116700]]}, {"id": 99, "location_index": 99, "delivery": [10], "service": 9000, "time_windows": [[37900, 59400]]}, {"id": 100, "location_index": 100, "delivery": [20], "service": 9000, "time_windows": [[47700, 68600]]}], "matrices": {"car": {"durations": [[0, 2773, 2062, 2907, 2561, 1513, 2530, 2691, 1166, 2332, 1676, 1965, 3808, 3081, 3936, 3606, 4031, 3330, 3536, 3905, 1000, 1166, 1217, 3053, 1500, 2408, 3418, 1712, 3635, 2000, 2062, 3354, 3162, 3353, 3239, 3808, 3536, 3929, 4123, 4031, 3225, 1868, 1931, 1655, 3105, 2236, 2571, 1803, 1077, 3105, 2280, 2500, 2121, 4518, 4005, 3506, 4500, 3506, 4504, 4005, 4528, 2236, 1803, 1414, 2154, 2532, 1655, 1221, 2010, 1581, 5852, 5701, 2385, 5571, 1985, 1581, 5220, 3239, 3929, 5108, 5148, 4743, 3536, 3239, 3105, 4617, 2648, 2433, 2693, 2126, 2062, 2236, 4420, 825, 4061, 3720, 2417, 4031, 3081, 3354, 3808], [2773, 0, 860, 1166, 1204, 1414, 4884, 781, 2343, 2452, 1924, 1803, 2879, 3000, 3162, 3239, 3353, 3400, 3700, 3734, 3330, 2907, 3324, 3905, 3680, 3132, 4588, 3701, 5200, 4061, 3774, 5800, 5467, 5622, 5325, 6172, 5576, 6103, 6268, 6003, 5920, 4624, 4701, 4428, 5852, 5009, 5314, 4565, 3848, 5515, 5025, 5248, 4826, 7046, 6576, 6083, 7102, 6161, 7139, 6649, 7203, 4504, 4005, 3506, 4518, 5064, 4031, 3536, 4610, 4061, 6224, 5873, 4501, 6021, 4001, 1221, 5517, 3606, 4360, 5701, 5991, 5186, 3048, 2828, 2476, 4469, 2441, 3138, 1985, 1170, 2154, 1700, 1803, 1972, 1476, 1118, 3640, 1281, 600, 583, 1044], [2062, 860, 0, 1703, 1552, 583, 4031, 1300, 1487, 1700, 1077, 1005, 2500, 2354, 2746, 2693, 2915, 2746, 3041, 3162, 2500, 2052, 2476, 3126, 2828, 2335, 3785, 2843, 4366, 3202, 2915, 4950, 4610, 4763, 4465, 5315, 4717, 5243, 5408, 5148, 5277, 3929, 3985, 3700, 5166, 4272, 4632, 3808, 3132, 5009, 4249, 4472, 4031, 6501, 6007, 5508, 6519, 5544, 6538, 6041, 6576, 4031, 3536, 3041, 4011, 4501, 3506, 3007, 4011, 3500, 6403, 6103, 4079, 6172, 3590, 500, 5701, 3680, 4460, 5800, 6021, 5315, 3354, 3089, 2773, 4751, 2581, 3061, 2236, 1253, 2121, 1803, 2663, 1237, 2332, 1972, 3448, 2121, 1393, 1414, 1803], [2907, 1166, 1703, 0, 361, 2040, 5334, 412, 2941, 3401, 2717, 2700, 4031, 4045, 4308, 4342, 4494, 4441, 4738, 4827, 3722, 3454, 3801, 4809, 4159, 4011, 5445, 4254, 5967, 4610, 4427, 6213, 5954, 6129, 5909, 6637, 6185, 6664, 6845, 6648, 5725, 4580, 4701, 4469, 5745, 5045, 5215, 4669, 3895, 5096, 5162, 5376, 5025, 6648, 6230, 5758, 6768, 5909, 6835, 6369, 6946, 4080, 3606, 3138, 4144, 4754, 3716, 3265, 4383, 3801, 5109, 4738, 4002, 4920, 3517, 1746, 4405, 2600, 3312, 4632, 4965, 4105, 1910, 1720, 1360, 3324, 1456, 2309, 949, 781, 1414, 922, 1676, 2283, 1334, 1100, 2900, 1612, 721, 1304, 1746], [2561, 1204, 1552, 361, 0, 1803, 5012, 447, 2668, 3225, 2500, 2518, 3982, 3905, 4249, 4238, 4428, 4295, 4589, 4713, 3400, 3162, 3493, 4600, 3848, 3800, 5215, 3956, 5707, 4308, 4148, 5883, 5636, 5814, 5608, 6313, 5887, 6356, 6539, 6357, 5367, 4220, 4342, 4111, 5385, 4686, 4855, 4314, 3538, 4754, 4808, 5021, 4675, 6306, 5882, 5408, 6420, 5554, 6485, 6017, 6592, 3736, 3257, 2786, 3795, 4401, 3362, 2907, 4025, 3444, 5021, 4675, 3667, 4817, 3178, 1503, 4314, 2419, 3162, 4500, 4802, 3982, 1860, 1628, 1281, 3280, 1253, 2040, 781, 447, 1100, 600, 2025, 1970, 1676, 1414, 2608, 1900, 922, 1487, 1965], [1513, 1414, 583, 2040, 1803, 0, 3471, 1676, 943, 1487, 707, 806, 2625, 2236, 2828, 2663, 2973, 2600, 2879, 3089, 1921, 1500, 1910, 2802, 2267, 2002, 3413, 2302, 3929, 2663, 2417, 4386, 4061, 4220, 3945, 4763, 4206, 4717, 4888, 4652, 4738, 3373, 3421, 3132, 4610, 3700, 4079, 3231, 2571, 4540, 3667, 3891, 3448, 6003, 5500, 5000, 6003, 5016, 6013, 5515, 6041, 3590, 3105, 2625, 3551, 4005, 3041, 2550, 3500, 3015, 6351, 6090, 3669, 6103, 3195, 300, 5660, 3606, 4383, 5701, 5873, 5243, 3448, 3162, 2886, 4793, 2600, 2907, 2354, 1404, 2059, 1868, 3202, 700, 2860, 2500, 3202, 2691, 1887, 1985, 2385], [2530, 4884, 4031, 5334, 5012, 3471, 0, 5048, 2546, 3046, 3061, 3302, 4393, 3354, 4342, 3821, 4319, 3306, 3302, 3801, 1612, 1980, 1562, 2408, 1204, 2474, 2154, 1221, 1769, 894, 1360, 922, 632, 825, 854, 1304, 1140, 1414, 1612, 1628, 3124, 2147, 1972, 1838, 2720, 1844, 2476, 1565, 2010, 3883, 1414, 1500, 1140, 4640, 4123, 3748, 4410, 3483, 4305, 3883, 4159, 3606, 3471, 3406, 3418, 3276, 3178, 3106, 2864, 2983, 7991, 7931, 3890, 7694, 3766, 3701, 7433, 5608, 6203, 7201, 7106, 6935, 6042, 5749, 5632, 7011, 5166, 4817, 5220, 4565, 4588, 4754, 6671, 3053, 6325, 5967, 4604, 6152, 5341, 5445, 5805], [2691, 781, 1300, 412, 447, 1676, 5048, 0, 2600, 3000, 2335, 2302, 3625, 3635, 3900, 3929, 4085, 4031, 4329, 4415, 3441, 3130, 3499, 4418, 3859, 3622, 5064, 3936, 5604, 4294, 4085, 5941, 5660, 5831, 5590, 6351, 5860, 6353, 6530, 6316, 5646, 4442, 4549, 4301, 5636, 4883, 5100, 4482, 3720, 5099, 4968, 5186, 4810, 6649, 6210, 5728, 6745, 5852, 6801, 6325, 6895, 4079, 3590, 3105, 4123, 4713, 3669, 3195, 4308, 3734, 5449, 5093, 4031, 5250, 3536, 1393, 4742, 2865, 3606, 4941, 5248, 4420, 2267, 2052, 1697, 3688, 1700, 2474, 1221, 632, 1513, 1020, 1749, 2000, 1389, 1077, 3027, 1513, 500, 1044, 1530], [1166, 2343, 1487, 2941, 2668, 943, 2546, 2600, 0, 1166, 608, 906, 2657, 1921, 2773, 2441, 2865, 2193, 2421, 2759, 1077, 566, 1000, 2088, 1345, 1342, 2608, 1360, 3041, 1720, 1487, 3466, 3124, 3280, 3002, 3829, 3265, 3774, 3945, 3716, 4205, 2802, 2802, 2502, 4005, 3027, 3500, 2532, 2010, 4238, 2912, 3132, 2657, 5590, 5064, 4571, 5533, 4518, 5515, 5016, 5501, 3400, 2968, 2561, 3311, 3640, 2818, 2385, 3105, 2731, 6798, 6592, 3551, 6530, 3140, 1208, 6133, 4085, 4833, 6090, 6185, 5680, 4130, 3833, 3606, 5385, 3239, 3311, 3100, 2236, 2648, 2600, 4140, 825, 3801, 3441, 3441, 3607, 2830, 2900, 3265], [2332, 2452, 1700, 3401, 3225, 1487, 3046, 3000, 1166, 0, 806, 707, 1530, 781, 1616, 1281, 1700, 1118, 1393, 1640, 2010, 1414, 1800, 1456, 2022, 721, 2154, 1868, 2830, 2154, 1700, 3936, 3499, 3606, 3202, 4188, 3397, 3970, 4104, 3754, 5261, 3864, 3833, 3536, 5016, 4005, 4540, 3506, 3105, 5385, 3805, 4011, 3513, 6694, 6161, 5675, 6610, 5590, 6576, 6083, 6538, 4565, 4134, 3720, 4472, 4776, 3982, 3551, 4238, 3891, 7803, 7559, 4717, 7547, 4301, 1772, 7120, 5061, 5831, 7128, 7262, 6689, 4934, 4649, 4368, 6277, 4085, 4327, 3833, 2864, 3534, 3353, 4179, 1844, 3890, 3544, 4534, 3534, 3041, 2879, 3089], [1676, 1924, 1077, 2717, 2500, 707, 3061, 2335, 608, 806, 0, 300, 2147, 1581, 2302, 2052, 2421, 1924, 2193, 2441, 1676, 1118, 1565, 2100, 1887, 1300, 2729, 1844, 3289, 2193, 1860, 3982, 3607, 3748, 3421, 4314, 3662, 4201, 4360, 4082, 4801, 3400, 3406, 3106, 4610, 3635, 4101, 3140, 2602, 4780, 3517, 3736, 3257, 6166, 5644, 5148, 6120, 5109, 6107, 5608, 6100, 3900, 3444, 3002, 3828, 4198, 3324, 2864, 3667, 3257, 6997, 6754, 4025, 6742, 3585, 1005, 6313, 4254, 5025, 6325, 6466, 5883, 4148, 3860, 3590, 5478, 3289, 3523, 3059, 2110, 2731, 2571, 3722, 1063, 3400, 3041, 3748, 3140, 2470, 2441, 2759], [1965, 1803, 1005, 2700, 2518, 806, 3302, 2302, 906, 707, 300, 0, 1887, 1432, 2062, 1860, 2193, 1803, 2088, 2283, 1965, 1393, 1838, 2121, 2147, 1334, 2789, 2081, 3401, 2421, 2052, 4220, 3829, 3962, 3612, 4534, 3842, 4393, 4545, 4244, 5101, 3700, 3705, 3406, 4909, 3932, 4401, 3437, 2902, 5070, 3808, 4026, 3544, 6463, 5941, 5445, 6420, 5408, 6407, 5908, 6400, 4179, 3716, 3265, 4111, 4491, 3606, 3138, 3962, 3544, 7156, 6896, 4295, 6907, 3847, 1077, 6466, 4410, 5187, 6500, 6660, 6046, 4238, 3956, 3669, 5595, 3401, 3701, 3132, 2159, 2865, 2657, 3578, 1304, 3270, 2915, 3962, 2968, 2377, 2283, 2561], [3808, 2879, 2500, 4031, 3982, 2625, 4393, 3625, 2657, 1530, 2147, 1887, 0, 1044, 300, 707, 500, 1221, 1414, 1118, 3536, 2943, 3314, 2195, 3500, 1924, 2860, 3306, 3662, 3536, 3041, 5220, 4743, 4810, 4346, 5385, 4472, 5054, 5148, 4717, 6790, 5394, 5360, 5064, 6538, 5523, 6067, 5025, 4632, 6895, 5301, 5500, 5000, 8223, 7690, 7203, 8139, 7120, 8105, 7612, 8062, 6042, 5590, 5148, 5962, 6294, 5463, 5009, 5757, 5385, 8902, 8602, 6172, 8668, 5731, 2828, 8201, 6172, 6953, 8288, 8485, 7810, 5831, 5576, 5248, 7240, 5080, 5515, 4717, 3744, 4610, 4301, 4200, 3191, 4011, 3734, 5826, 3500, 3448, 3041, 3000], [3081, 3000, 2354, 4045, 3905, 2236, 3354, 3635, 1921, 781, 1581, 1432, 1044, 0, 1000, 539, 1020, 400, 700, 860, 2625, 2062, 2377, 1204, 2518, 900, 1910, 2302, 2691, 2508, 2010, 4176, 3700, 3770, 3311, 4346, 3448, 4031, 4134, 3720, 5869, 4492, 4438, 4148, 5590, 4571, 5142, 4079, 3770, 6084, 4319, 4510, 4011, 7338, 6801, 6325, 7228, 6210, 7181, 6694, 7120, 5300, 4883, 4482, 5197, 5463, 4717, 4301, 4924, 4614, 8576, 8324, 5464, 8322, 5061, 2508, 7889, 5831, 6604, 7906, 8043, 7463, 5665, 5385, 5092, 7026, 4833, 5104, 4554, 3574, 4294, 4085, 4610, 2625, 4357, 4031, 5315, 3929, 3600, 3338, 3448], [3936, 3162, 2746, 4308, 4249, 2828, 4342, 3900, 2773, 1616, 2302, 2062, 300, 1000, 0, 539, 200, 1077, 1221, 860, 3590, 3008, 3354, 2062, 3513, 1900, 2693, 3302, 3499, 3506, 3007, 5142, 4657, 4713, 4238, 5281, 4346, 4924, 5009, 4565, 6845, 5457, 5413, 5120, 6576, 5558, 6119, 5064, 4713, 7001, 5315, 5508, 5009, 8297, 7762, 7280, 8200, 7181, 8158, 7669, 8105, 6172, 5731, 5300, 6084, 6391, 5590, 5148, 5852, 5504, 9140, 8848, 6313, 8902, 5883, 3048, 8440, 6403, 7184, 8515, 8700, 8043, 6090, 5831, 5507, 7495, 5325, 5731, 4974, 3996, 4841, 4549, 4500, 3360, 4310, 4031, 6021, 3800, 3736, 3338, 3300], [3606, 3239, 2693, 4342, 4238, 2663, 3821, 3929, 2441, 1281, 2052, 1860, 707, 539, 539, 0, 500, 539, 707, 500, 3162, 2600, 2912, 1523, 3041, 1414, 2163, 2816, 2968, 3000, 2500, 4610, 4123, 4176, 3700, 4743, 3808, 4386, 4472, 4031, 6403, 5029, 4973, 4684, 6119, 5099, 5675, 4610, 4308, 6621, 4837, 5025, 4528, 7875, 7338, 6862, 7762, 6745, 7713, 7228, 7649, 5831, 5408, 5000, 5731, 6001, 5248, 4826, 5463, 5148, 9014, 8746, 5991, 8766, 5580, 2915, 8322, 6268, 7046, 8360, 8515, 7906, 6042, 5770, 5463, 7424, 5235, 5561, 4924, 3940, 4717, 4472, 4727, 3111, 4504, 4200, 5800, 4031, 3833, 3500, 3536], [4031, 3353, 2915, 4494, 4428, 2973, 4319, 4085, 2865, 1700, 2421, 2193, 500, 1020, 200, 500, 0, 1020, 1118, 707, 3640, 3068, 3396, 1992, 3536, 1910, 2594, 3314, 3400, 3500, 3000, 5099, 4610, 4657, 4176, 5220, 4272, 4847, 4924, 4472, 6888, 5508, 5457, 5166, 6610, 5590, 6161, 5099, 4776, 7077, 5334, 5523, 5025, 8352, 7816, 7338, 8246, 7228, 8200, 7713, 8139, 6265, 5831, 5408, 6172, 6462, 5682, 5248, 5924, 5590, 9301, 9014, 6414, 9060, 5991, 3202, 8602, 6560, 7341, 8668, 8846, 8201, 6265, 6003, 5682, 7666, 5492, 5880, 5148, 4168, 5000, 4717, 4700, 3483, 4510, 4230, 6155, 4000, 3929, 3536, 3500], [3330, 3400, 2746, 4441, 4295, 2600, 3306, 4031, 2193, 1118, 1924, 1803, 1221, 400, 1077, 539, 1020, 0, 300, 583, 2773, 2247, 2508, 985, 2596, 985, 1640, 2354, 2441, 2508, 2010, 4079, 3590, 3640, 3162, 4206, 3270, 3848, 3936, 3499, 5977, 4624, 4554, 4272, 5675, 4657, 5250, 4176, 3936, 6265, 4374, 4554, 4061, 7467, 6929, 6462, 7338, 6325, 7280, 6801, 7203, 5522, 5122, 4742, 5408, 5636, 4941, 4545, 5100, 4826, 8919, 8677, 5701, 8661, 5315, 2879, 8237, 6177, 6946, 8238, 8360, 7803, 6041, 5758, 5471, 7393, 5200, 5438, 4934, 3956, 4652, 4460, 5001, 2941, 4752, 4428, 5622, 4317, 4000, 3734, 3833], [3536, 3700, 3041, 4738, 4589, 2879, 3302, 4329, 2421, 1393, 2193, 2088, 1414, 700, 1221, 707, 1118, 300, 0, 500, 2915, 2421, 2642, 906, 2693, 1140, 1476, 2435, 2283, 2550, 2062, 4031, 3536, 3569, 3081, 4123, 3162, 3734, 3808, 3354, 6075, 4742, 4662, 4386, 5757, 4743, 5349, 4272, 4082, 6414, 4438, 4610, 4123, 7577, 7038, 6580, 7433, 6426, 7368, 6895, 7280, 5701, 5315, 4950, 5580, 5780, 5122, 4742, 5248, 5000, 9179, 8944, 5890, 8919, 5517, 3162, 8500, 6441, 7207, 8491, 8602, 8062, 6325, 6041, 5757, 7669, 5478, 5694, 5220, 4245, 4924, 4743, 5295, 3191, 5049, 4727, 5860, 4610, 4300, 4031, 4123], [3905, 3734, 3162, 4827, 4713, 3089, 3801, 4415, 2759, 1640, 2441, 2283, 1118, 860, 860, 500, 707, 583, 500, 0, 3354, 2830, 3087, 1404, 3162, 1565, 1931, 2912, 2731, 3041, 2550, 4528, 4031, 4061, 3569, 4610, 3640, 4206, 4272, 3808, 6546, 5200, 5126, 4847, 6236, 5220, 5819, 4743, 4518, 6848, 4924, 5099, 4610, 8041, 7503, 7038, 7906, 6895, 7845, 7368, 7762, 6103, 5701, 5315, 5991, 6218, 5522, 5122, 5682, 5408, 9434, 9179, 6280, 9181, 5890, 3354, 8746, 6689, 7463, 8766, 8902, 8322, 6500, 6224, 5924, 7872, 5680, 5964, 5385, 4401, 5148, 4924, 5224, 3483, 5004, 4700, 6172, 4528, 4329, 4000, 4031], [1000, 3330, 2500, 3722, 3400, 1921, 1612, 3441, 1077, 2010, 1676, 1965, 3536, 2625, 3590, 3162, 3640, 2773, 2915, 3354, 0, 600, 283, 2263, 500, 1789, 2506, 728, 2648, 1000, 1118, 2500, 2236, 2417, 2256, 2915, 2550, 2973, 3162, 3041, 3256, 1868, 1825, 1530, 3007, 2000, 2532, 1500, 1166, 3499, 1844, 2062, 1581, 4713, 4176, 3700, 4610, 3590, 4571, 4079, 4528, 2828, 2500, 2236, 2691, 2865, 2267, 1972, 2332, 2121, 6801, 6671, 3048, 6515, 2746, 2121, 6185, 4230, 4903, 6041, 6042, 5701, 4528, 4230, 4079, 5614, 3635, 3423, 3640, 2953, 3041, 3162, 5093, 1442, 4742, 4386, 3353, 4610, 3754, 3905, 4301], [1166, 2907, 2052, 3454, 3162, 1500, 1980, 3130, 566, 1414, 1118, 1393, 2943, 2062, 3008, 2600, 3068, 2247, 2421, 2830, 600, 0, 447, 1887, 781, 1281, 2280, 806, 2602, 1166, 1005, 2900, 2561, 2720, 2460, 3265, 2731, 3225, 3400, 3195, 3847, 2452, 2419, 2121, 3606, 2600, 3126, 2100, 1709, 4025, 2433, 2648, 2159, 5289, 4754, 4272, 5197, 4177, 5162, 4669, 5124, 3280, 2900, 2561, 3162, 3401, 2702, 2335, 2864, 2581, 7001, 6831, 3471, 6723, 3114, 1749, 6357, 4342, 5060, 6265, 6313, 5887, 4501, 4201, 4005, 5689, 3601, 3544, 3523, 2720, 3002, 3027, 4701, 1217, 4360, 4000, 3578, 4173, 3384, 3466, 3829], [1217, 3324, 2476, 3801, 3493, 1910, 1562, 3499, 1000, 1800, 1565, 1838, 3314, 2377, 3354, 2912, 3396, 2508, 2642, 3087, 283, 447, 0, 1980, 361, 1523, 2236, 500, 2419, 825, 854, 2476, 2163, 2332, 2119, 2860, 2404, 2864, 3046, 2886, 3493, 2119, 2062, 1772, 3225, 2209, 2766, 1712, 1442, 3774, 2010, 2220, 1726, 4965, 4427, 3956, 4851, 3833, 4805, 4317, 4752, 3111, 2780, 2506, 2973, 3138, 2550, 2247, 2608, 2404, 7052, 6912, 3330, 6768, 3023, 2140, 6429, 4455, 5142, 6297, 6307, 5948, 4710, 4410, 4243, 5831, 3812, 3650, 3785, 3046, 3214, 3298, 5109, 1523, 4763, 4405, 3606, 4597, 3780, 3890, 4264], [3053, 3905, 3126, 4809, 4600, 2802, 2408, 4418, 2088, 1456, 2100, 2121, 2195, 1204, 2062, 1523, 1992, 985, 906, 1404, 2263, 1887, 1980, 0, 1942, 800, 721, 1664, 1487, 1709, 1253, 3126, 2631, 2668, 2184, 3228, 2285, 2864, 2953, 2524, 5280, 3996, 3895, 3636, 4940, 3940, 4562, 3489, 3406, 5720, 3606, 3764, 3289, 6798, 6261, 5818, 6631, 5636, 6555, 6093, 6451, 5091, 4751, 4441, 4952, 5080, 4528, 4201, 4561, 4384, 8864, 8673, 5308, 8591, 4982, 3102, 8208, 6168, 6908, 8139, 8199, 7747, 6198, 5903, 5657, 7473, 5315, 5385, 5135, 4205, 4730, 4639, 5630, 2912, 5345, 5000, 5459, 4977, 4491, 4332, 4519], [1500, 3680, 2828, 4159, 3848, 2267, 1204, 3859, 1345, 2022, 1887, 2147, 3500, 2518, 3513, 3041, 3536, 2596, 2693, 3162, 500, 781, 361, 1942, 0, 1628, 2081, 283, 2159, 500, 707, 2121, 1803, 1972, 1772, 2500, 2062, 2508, 2693, 2550, 3384, 2059, 1970, 1700, 3081, 2062, 2657, 1581, 1487, 3780, 1803, 2000, 1500, 4885, 4346, 3891, 4743, 3734, 4684, 4206, 4610, 3202, 2915, 2693, 3048, 3140, 2663, 2417, 2625, 2500, 7280, 7159, 3441, 6992, 3176, 2500, 6671, 4727, 5394, 6515, 6500, 6185, 5025, 4727, 4571, 6113, 4130, 3920, 4123, 3401, 3536, 3640, 5467, 1879, 5122, 4763, 3833, 4950, 4140, 4243, 4610], [2408, 3132, 2335, 4011, 3800, 2002, 2474, 3622, 1342, 721, 1300, 1334, 1924, 900, 1900, 1414, 1910, 985, 1140, 1565, 1789, 1281, 1523, 800, 1628, 0, 1456, 1404, 2110, 1612, 1118, 3324, 2864, 2953, 2524, 3536, 2702, 3280, 3406, 3041, 5000, 3640, 3574, 3289, 4707, 3688, 4272, 3202, 2953, 5284, 3423, 3612, 3114, 6485, 5946, 5478, 6360, 5345, 6306, 5824, 6237, 4561, 4177, 3821, 4441, 4653, 3982, 3607, 4118, 3860, 8139, 7931, 4751, 7871, 4384, 2302, 7473, 5423, 6174, 7430, 7517, 7021, 5413, 5120, 4866, 6705, 4535, 4652, 4342, 3406, 3956, 3847, 4885, 2154, 4588, 4238, 4771, 4249, 3711, 3585, 3808], [3418, 4588, 3785, 5445, 5215, 3413, 2154, 5064, 2608, 2154, 2729, 2789, 2860, 1910, 2693, 2163, 2594, 1640, 1476, 1931, 2506, 2280, 2236, 721, 2081, 1456, 0, 1803, 806, 1697, 1389, 2707, 2209, 2200, 1700, 2717, 1726, 2280, 2341, 1879, 5215, 4036, 3905, 3680, 4837, 3883, 4522, 3483, 3561, 5800, 3499, 3624, 3191, 6742, 6213, 5801, 6537, 5576, 6441, 6003, 6307, 5280, 4993, 4741, 5122, 5162, 4743, 4478, 4669, 4580, 9270, 9109, 5522, 8989, 5248, 3712, 8633, 6622, 7338, 8523, 8543, 8160, 6736, 6438, 6213, 7962, 5842, 5824, 5704, 4804, 5247, 5204, 6332, 3423, 6041, 5692, 5831, 5686, 5166, 5033, 5233], [1712, 3701, 2843, 4254, 3956, 2302, 1221, 3936, 1360, 1868, 1844, 2081, 3306, 2302, 3302, 2816, 3314, 2354, 2435, 2912, 728, 806, 500, 1664, 283, 1404, 1803, 0, 1924, 361, 424, 2140, 1769, 1921, 1655, 2476, 1931, 2419, 2594, 2404, 3640, 2332, 2236, 1972, 3324, 2309, 2915, 1838, 1769, 4061, 2022, 2209, 1712, 5148, 4610, 4159, 4998, 3992, 4934, 4460, 4851, 3483, 3191, 2955, 3330, 3421, 2941, 2683, 2907, 2780, 7529, 7398, 3720, 7242, 3448, 2555, 6912, 4950, 5629, 6768, 6762, 6429, 5209, 4909, 4738, 6329, 4310, 4144, 4276, 3511, 3712, 3785, 5500, 1992, 5161, 4801, 4080, 4958, 4188, 4252, 4597], [3635, 5200, 4366, 5967, 5707, 3929, 1769, 5604, 3041, 2830, 3289, 3401, 3662, 2691, 3499, 2968, 3400, 2441, 2283, 2731, 2648, 2602, 2419, 1487, 2159, 2110, 806, 1924, 0, 1676, 1600, 2088, 1616, 1552, 1077, 2002, 1005, 1513, 1552, 1077, 4892, 3860, 3701, 3523, 4482, 3607, 4243, 3280, 3534, 5622, 3183, 3265, 2900, 6403, 5890, 5517, 6161, 5250, 6046, 5640, 5883, 5235, 5016, 4838, 5061, 5000, 4742, 4554, 4549, 4562, 9437, 9317, 5501, 9148, 5292, 4220, 8829, 6873, 7550, 8668, 8638, 8343, 7100, 6800, 6607, 8249, 6200, 6067, 6120, 5277, 5600, 5622, 6978, 3812, 6671, 6316, 5991, 6353, 5758, 5680, 5917], [2000, 4061, 3202, 4610, 4308, 2663, 894, 4294, 1720, 2154, 2193, 2421, 3536, 2508, 3506, 3000, 3500, 2508, 2550, 3041, 1000, 1166, 825, 1709, 500, 1612, 1697, 361, 1676, 0, 500, 1803, 1414, 1562, 1300, 2121, 1581, 2059, 2236, 2062, 3578, 2343, 2220, 1985, 3231, 2236, 2865, 1803, 1887, 4104, 1897, 2062, 1581, 5100, 4565, 4134, 4924, 3936, 4847, 4386, 4743, 3606, 3354, 3162, 3441, 3466, 3089, 2879, 2973, 2915, 7762, 7649, 3859, 7473, 3625, 2915, 7159, 5224, 5886, 6992, 6964, 6671, 5523, 5224, 5064, 6612, 4627, 4418, 4610, 3863, 4031, 4123, 5860, 2341, 5522, 5161, 4317, 5315, 4549, 4610, 4950], [2062, 3774, 2915, 4427, 4148, 2417, 1360, 4085, 1487, 1700, 1860, 2052, 3041, 2010, 3007, 2500, 3000, 2010, 2062, 2550, 1118, 1005, 854, 1253, 707, 1118, 1389, 424, 1600, 500, 0, 2236, 1803, 1921, 1562, 2500, 1803, 2343, 2500, 2236, 4031, 2746, 2642, 2385, 3700, 2693, 3311, 2236, 2193, 4482, 2377, 2550, 2062, 5546, 5009, 4565, 5385, 4386, 5314, 4847, 5220, 3905, 3606, 3354, 3754, 3842, 3360, 3089, 3330, 3202, 7906, 7762, 4140, 7622, 3859, 2693, 7280, 5295, 5991, 7151, 7159, 6801, 5500, 5200, 5009, 6661, 4600, 4491, 4528, 3711, 4000, 4031, 5576, 2220, 5248, 4888, 4460, 5000, 4294, 4301, 4610], [3354, 5800, 4950, 6213, 5883, 4386, 922, 5941, 3466, 3936, 3982, 4220, 5220, 4176, 5142, 4610, 5099, 4079, 4031, 4528, 2500, 2900, 2476, 3126, 2121, 3324, 2707, 2140, 2088, 1803, 2236, 0, 500, 539, 1020, 500, 1118, 943, 1118, 1414, 3106, 2518, 2319, 2300, 2663, 2062, 2600, 2000, 2648, 4085, 1628, 1581, 1500, 4534, 4061, 3774, 4243, 3441, 4104, 3754, 3905, 4031, 4000, 4031, 3833, 3544, 3700, 3734, 3239, 3500, 8515, 8500, 4329, 8215, 4300, 4610, 8000, 6280, 6818, 7716, 7566, 7500, 6801, 6515, 6426, 7679, 5946, 5511, 6042, 5438, 5385, 5590, 7582, 3941, 7235, 6877, 5224, 7071, 6248, 6364, 6727], [3162, 5467, 4610, 5954, 5636, 4061, 632, 5660, 3124, 3499, 3607, 3829, 4743, 3700, 4657, 4123, 4610, 3590, 3536, 4031, 2236, 2561, 2163, 2631, 1803, 2864, 2209, 1769, 1616, 1414, 1803, 500, 0, 200, 539, 707, 707, 800, 1000, 1118, 3406, 2625, 2435, 2354, 2973, 2236, 2830, 2062, 2600, 4294, 1789, 1803, 1581, 4880, 4386, 4061, 4610, 3754, 4482, 4104, 4301, 4123, 4031, 4000, 3929, 3716, 3734, 3700, 3353, 3536, 8559, 8515, 4415, 8261, 4329, 4301, 8016, 6220, 6800, 7765, 7649, 7517, 6671, 6379, 6264, 7624, 5797, 5433, 5852, 5188, 5220, 5385, 7262, 3672, 6920, 6560, 5200, 6727, 5941, 6021, 6364], [3353, 5622, 4763, 6129, 5814, 4220, 825, 5831, 3280, 3606, 3748, 3962, 4810, 3770, 4713, 4176, 4657, 3640, 3569, 4061, 2417, 2720, 2332, 2668, 1972, 2953, 2200, 1921, 1552, 1562, 1921, 539, 200, 0, 500, 583, 583, 600, 800, 943, 3561, 2816, 2625, 2550, 3124, 2417, 3002, 2256, 2800, 4472, 1970, 1972, 1772, 5021, 4534, 4220, 4742, 3905, 4610, 4243, 4420, 4317, 4230, 4200, 4123, 3900, 3932, 3900, 3544, 3734, 8757, 8714, 4610, 8459, 4528, 4465, 8215, 6420, 7000, 7963, 7845, 7716, 6866, 6573, 6456, 7823, 5991, 5632, 6041, 5367, 5412, 5571, 7420, 3847, 7080, 6720, 5400, 6877, 6103, 6172, 6507], [3239, 5325, 4465, 5909, 5608, 3945, 854, 5590, 3002, 3202, 3421, 3612, 4346, 3311, 4238, 3700, 4176, 3162, 3081, 3569, 2256, 2460, 2119, 2184, 1772, 2524, 1700, 1655, 1077, 1300, 1562, 1020, 539, 500, 0, 1044, 300, 781, 943, 800, 3890, 2997, 2818, 2693, 3466, 2663, 3280, 2417, 2844, 4717, 2220, 2267, 1972, 5381, 4880, 4534, 5122, 4243, 5000, 4610, 4826, 4460, 4317, 4230, 4272, 4118, 4026, 3932, 3716, 3833, 8828, 8757, 4743, 8533, 4610, 4206, 8261, 6400, 7018, 8041, 7956, 7765, 6774, 6478, 6335, 7801, 5886, 5601, 5894, 5162, 5295, 5412, 7128, 3640, 6796, 6435, 5423, 6560, 5831, 5860, 6172], [3808, 6172, 5315, 6637, 6313, 4763, 1304, 6351, 3829, 4188, 4314, 4534, 5385, 4346, 5281, 4743, 5220, 4206, 4123, 4610, 2915, 3265, 2860, 3228, 2500, 3536, 2717, 2476, 2002, 2121, 2500, 500, 707, 583, 1044, 0, 1000, 583, 707, 1118, 3536, 3015, 2816, 2800, 3089, 2550, 3068, 2500, 3140, 4554, 2121, 2062, 2000, 4920, 4465, 4206, 4610, 3859, 4460, 4140, 4243, 4528, 4500, 4528, 4329, 4026, 4200, 4230, 3734, 4000, 9014, 9000, 4826, 8714, 4800, 5000, 8500, 6774, 7317, 8215, 8062, 8000, 7280, 6992, 6895, 8174, 6420, 6002, 6500, 5867, 5852, 6042, 7965, 4357, 7622, 7262, 5722, 7433, 6640, 6727, 7071], [3536, 5576, 4717, 6185, 5887, 4206, 1140, 5860, 3265, 3397, 3662, 3842, 4472, 3448, 4346, 3808, 4272, 3270, 3162, 3640, 2550, 2731, 2404, 2285, 2062, 2702, 1726, 1931, 1005, 1581, 1803, 1118, 707, 583, 300, 1000, 0, 583, 707, 500, 4111, 3270, 3087, 2973, 3680, 2915, 3523, 2693, 3140, 4974, 2470, 2500, 2236, 5587, 5093, 4763, 5315, 4460, 5186, 4810, 5000, 4743, 4610, 4528, 4554, 4383, 4317, 4230, 3992, 4123, 9124, 9055, 5029, 8828, 4903, 4472, 8559, 6700, 7317, 8336, 8246, 8062, 7071, 6774, 6629, 8101, 6181, 5901, 6185, 5442, 5590, 5701, 7378, 3922, 7049, 6689, 5722, 6801, 6090, 6103, 6403], [3929, 6103, 5243, 6664, 6356, 4717, 1414, 6353, 3774, 3970, 4201, 4393, 5054, 4031, 4924, 4386, 4847, 3848, 3734, 4206, 2973, 3225, 2864, 2864, 2508, 3280, 2280, 2419, 1513, 2059, 2343, 943, 800, 600, 781, 583, 583, 0, 200, 539, 4050, 3396, 3202, 3140, 3606, 2973, 3534, 2844, 3400, 5016, 2530, 2508, 2354, 5467, 5000, 4717, 5166, 4383, 5021, 4686, 4810, 4903, 4826, 4800, 4707, 4460, 4528, 4500, 4123, 4329, 9354, 9313, 5197, 9055, 5124, 4974, 8814, 7018, 7600, 8559, 8434, 8315, 7453, 7159, 7034, 8421, 6573, 6229, 6610, 5909, 5991, 6135, 7906, 4386, 7572, 7211, 6000, 7341, 6604, 6640, 6953], [4123, 6268, 5408, 6845, 6539, 4888, 1612, 6530, 3945, 4104, 4360, 4545, 5148, 4134, 5009, 4472, 4924, 3936, 3808, 4272, 3162, 3400, 3046, 2953, 2693, 3406, 2341, 2594, 1552, 2236, 2500, 1118, 1000, 800, 943, 707, 707, 200, 0, 500, 4219, 3590, 3396, 3338, 3774, 3162, 3716, 3041, 3600, 5200, 2720, 2693, 2550, 5622, 5161, 4888, 5315, 4549, 5166, 4841, 4950, 5099, 5025, 5000, 4903, 4649, 4727, 4700, 4317, 4528, 9552, 9513, 5394, 9254, 5324, 5148, 9014, 7217, 7800, 8757, 8631, 8515, 7649, 7355, 7228, 8621, 6768, 6428, 6801, 6093, 6185, 6325, 8071, 4569, 7739, 7378, 6200, 7500, 6774, 6801, 7106], [4031, 6003, 5148, 6648, 6357, 4652, 1628, 6316, 3716, 3754, 4082, 4244, 4717, 3720, 4565, 4031, 4472, 3499, 3354, 3808, 3041, 3195, 2886, 2524, 2550, 3041, 1879, 2404, 1077, 2062, 2236, 1414, 1118, 943, 800, 1118, 500, 539, 500, 0, 4500, 3734, 3547, 3448, 4061, 3354, 3945, 3162, 3635, 5412, 2907, 2915, 2693, 5946, 5467, 5161, 5657, 4841, 5517, 5166, 5315, 5220, 5099, 5025, 5029, 4833, 4805, 4727, 4460, 4610, 9618, 9552, 5508, 9321, 5394, 4924, 9055, 7200, 7816, 8828, 8732, 8559, 7566, 7269, 7120, 8601, 6675, 6401, 6671, 5914, 6083, 6185, 7803, 4397, 7479, 7120, 6220, 7211, 6530, 6519, 6801], [3225, 5920, 5277, 5725, 5367, 4738, 3124, 5646, 4205, 5261, 4801, 5101, 6790, 5869, 6845, 6403, 6888, 5977, 6075, 6546, 3256, 3847, 3493, 5280, 3384, 5000, 5215, 3640, 4892, 3578, 4031, 3106, 3406, 3561, 3890, 3536, 4111, 4050, 4219, 4500, 0, 1404, 1432, 1726, 447, 1342, 728, 1803, 2200, 1217, 1720, 1628, 2025, 1526, 1000, 671, 1360, 361, 1315, 825, 1304, 1844, 2202, 2608, 1697, 1063, 2025, 2460, 1342, 1924, 6021, 6140, 2081, 5727, 2404, 4785, 5661, 4500, 4741, 5239, 4950, 5187, 5376, 5162, 5250, 5731, 4763, 3960, 5104, 5016, 4410, 4837, 7382, 4045, 7026, 6723, 3406, 7117, 6110, 6485, 6964], [1868, 4624, 3929, 4580, 4220, 3373, 2147, 4442, 2802, 3864, 3400, 3700, 5394, 4492, 5457, 5029, 5508, 4624, 4742, 5200, 1868, 2452, 2119, 3996, 2059, 3640, 4036, 2332, 3860, 2343, 2746, 2518, 2625, 2816, 2997, 3015, 3270, 3396, 3590, 3734, 1404, 0, 200, 361, 1237, 539, 707, 583, 806, 1769, 900, 1020, 1044, 2846, 2309, 1838, 2746, 1726, 2717, 2220, 2700, 1513, 1530, 1700, 1315, 1140, 1237, 1442, 728, 1044, 6003, 6007, 1811, 5704, 1825, 3448, 5508, 3922, 4374, 5204, 5049, 5009, 4614, 4357, 4360, 5289, 3860, 3220, 4104, 3828, 3397, 3754, 6191, 2693, 5831, 5507, 2816, 5860, 4876, 5200, 5665], [1931, 4701, 3985, 4701, 4342, 3421, 1972, 4549, 2802, 3833, 3406, 3705, 5360, 4438, 5413, 4973, 5457, 4554, 4662, 5126, 1825, 2419, 2062, 3895, 1970, 3574, 3905, 2236, 3701, 2220, 2642, 2319, 2435, 2625, 2818, 2816, 3087, 3202, 3396, 3547, 1432, 200, 0, 300, 1204, 361, 707, 424, 854, 1921, 700, 825, 854, 2915, 2377, 1924, 2789, 1772, 2746, 2256, 2707, 1712, 1726, 1879, 1513, 1304, 1432, 1612, 922, 1237, 6203, 6207, 2010, 5903, 2022, 3511, 5708, 4111, 4571, 5404, 5247, 5209, 4789, 4528, 4522, 5482, 4022, 3401, 4252, 3941, 3547, 3890, 6297, 2751, 5936, 5608, 3008, 5948, 4974, 5280, 5738], [1655, 4428, 3700, 4469, 4111, 3132, 1838, 4301, 2502, 3536, 3106, 3406, 5064, 4148, 5120, 4684, 5166, 4272, 4386, 4847, 1530, 2121, 1772, 3636, 1700, 3289, 3680, 1972, 3523, 1985, 2385, 2300, 2354, 2550, 2693, 2800, 2973, 3140, 3338, 3448, 1726, 361, 300, 0, 1503, 583, 1005, 300, 583, 2121, 762, 943, 800, 3195, 2657, 2193, 3081, 2062, 3041, 2550, 3007, 1772, 1700, 1772, 1581, 1487, 1400, 1487, 1030, 1200, 6220, 6200, 2062, 5921, 2000, 3231, 5700, 4026, 4528, 5423, 5295, 5200, 4652, 4383, 4357, 5413, 3859, 3289, 4061, 3701, 3360, 3680, 6046, 2470, 5686, 5354, 2943, 5682, 4717, 5009, 5463], [3105, 5852, 5166, 5745, 5385, 4610, 2720, 5636, 4005, 5016, 4610, 4909, 6538, 5590, 6576, 6119, 6610, 5675, 5757, 6236, 3007, 3606, 3225, 4940, 3081, 4707, 4837, 3324, 4482, 3231, 3700, 2663, 2973, 3124, 3466, 3089, 3680, 3606, 3774, 4061, 447, 1237, 1204, 1503, 0, 1020, 539, 1513, 2040, 1600, 1342, 1221, 1655, 1921, 1414, 1118, 1700, 781, 1616, 1166, 1530, 2059, 2343, 2691, 1887, 1300, 2121, 2500, 1414, 1985, 6379, 6476, 2326, 6083, 2581, 4684, 5991, 4717, 5016, 5590, 5324, 5508, 5544, 5315, 5374, 5993, 4880, 4123, 5186, 5012, 4482, 4883, 7382, 3929, 7024, 6708, 3606, 7077, 6084, 6426, 6895], [2236, 5009, 4272, 5045, 4686, 3700, 1844, 4883, 3027, 4005, 3635, 3932, 5523, 4571, 5558, 5099, 5590, 4657, 4743, 5220, 2000, 2600, 2209, 3940, 2062, 3688, 3883, 2309, 3607, 2236, 2693, 2062, 2236, 2417, 2663, 2550, 2915, 2973, 3