{"vehicles": [{"id": 0, "start_index": 0, "end_index": 0, "capacity": [200], "time_window": [0, 23000]}, {"id": 1, "start_index": 0, "end_index": 0, "capacity": [200], "time_window": [0, 23000]}, {"id": 2, "start_index": 0, "end_index": 0, "capacity": [200], "time_window": [0, 23000]}, {"id": 3, "start_index": 0, "end_index": 0, "capacity": [200], "time_window": [0, 23000]}, {"id": 4, "start_index": 0, "end_index": 0, "capacity": [200], "time_window": [0, 23000]}, {"id": 5, "start_index": 0, "end_index": 0, "capacity": [200], "time_window": [0, 23000]}, {"id": 6, "start_index": 0, "end_index": 0, "capacity": [200], "time_window": [0, 23000]}, {"id": 7, "start_index": 0, "end_index": 0, "capacity": [200], "time_window": [0, 23000]}, {"id": 8, "start_index": 0, "end_index": 0, "capacity": [200], "time_window": [0, 23000]}, {"id": 9, "start_index": 0, "end_index": 0, "capacity": [200], "time_window": [0, 23000]}, {"id": 10, "start_index": 0, "end_index": 0, "capacity": [200], "time_window": [0, 23000]}, {"id": 11, "start_index": 0, "end_index": 0, "capacity": [200], "time_window": [0, 23000]}, {"id": 12, "start_index": 0, "end_index": 0, "capacity": [200], "time_window": [0, 23000]}, {"id": 13, "start_index": 0, "end_index": 0, "capacity": [200], "time_window": [0, 23000]}, {"id": 14, "start_index": 0, "end_index": 0, "capacity": [200], "time_window": [0, 23000]}, {"id": 15, "start_index": 0, "end_index": 0, "capacity": [200], "time_window": [0, 23000]}, {"id": 16, "start_index": 0, "end_index": 0, "capacity": [200], "time_window": [0, 23000]}, {"id": 17, "start_index": 0, "end_index": 0, "capacity": [200], "time_window": [0, 23000]}, {"id": 18, "start_index": 0, "end_index": 0, "capacity": [200], "time_window": [0, 23000]}, {"id": 19, "start_index": 0, "end_index": 0, "capacity": [200], "time_window": [0, 23000]}, {"id": 20, "start_index": 0, "end_index": 0, "capacity": [200], "time_window": [0, 23000]}, {"id": 21, "start_index": 0, "end_index": 0, "capacity": [200], "time_window": [0, 23000]}, {"id": 22, "start_index": 0, "end_index": 0, "capacity": [200], "time_window": [0, 23000]}, {"id": 23, "start_index": 0, "end_index": 0, "capacity": [200], "time_window": [0, 23000]}, {"id": 24, "start_index": 0, "end_index": 0, "capacity": [200], "time_window": [0, 23000]}], "jobs": [{"id": 1, "location_index": 1, "delivery": [10], "service": 1000, "time_windows": [[0, 20400]]}, {"id": 2, "location_index": 2, "delivery": [7], "service": 1000, "time_windows": [[0, 20200]]}, {"id": 3, "location_index": 3, "delivery": [13], "service": 1000, "time_windows": [[0, 19700]]}, {"id": 4, "location_index": 4, "delivery": [19], "service": 1000, "time_windows": [[14900, 15900]]}, {"id": 5, "location_index": 5, "delivery": [26], "service": 1000, "time_windows": [[0, 19900]]}, {"id": 6, "location_index": 6, "delivery": [3], "service": 1000, "time_windows": [[9900, 10900]]}, {"id": 7, "location_index": 7, "delivery": [5], "service": 1000, "time_windows": [[0, 19800]]}, {"id": 8, "location_index": 8, "delivery": [9], "service": 1000, "time_windows": [[9500, 10500]]}, {"id": 9, "location_index": 9, "delivery": [16], "service": 1000, "time_windows": [[9700, 10700]]}, {"id": 10, "location_index": 10, "delivery": [16], "service": 1000, "time_windows": [[12400, 13400]]}, {"id": 11, "location_index": 11, "delivery": [12], "service": 1000, "time_windows": [[6700, 7700]]}, {"id": 12, "location_index": 12, "delivery": [19], "service": 1000, "time_windows": [[0, 20500]]}, {"id": 13, "location_index": 13, "delivery": [23], "service": 1000, "time_windows": [[15900, 16900]]}, {"id": 14, "location_index": 14, "delivery": [20], "service": 1000, "time_windows": [[0, 18700]]}, {"id": 15, "location_index": 15, "delivery": [8], "service": 1000, "time_windows": [[6100, 7100]]}, {"id": 16, "location_index": 16, "delivery": [19], "service": 1000, "time_windows": [[0, 19000]]}, {"id": 17, "location_index": 17, "delivery": [2], "service": 1000, "time_windows": [[15700, 16700]]}, {"id": 18, "location_index": 18, "delivery": [12], "service": 1000, "time_windows": [[0, 20400]]}, {"id": 19, "location_index": 19, "delivery": [17], "service": 1000, "time_windows": [[0, 18700]]}, {"id": 20, "location_index": 20, "delivery": [9], "service": 1000, "time_windows": [[0, 18800]]}, {"id": 21, "location_index": 21, "delivery": [11], "service": 1000, "time_windows": [[0, 20100]]}, {"id": 22, "location_index": 22, "delivery": [18], "service": 1000, "time_windows": [[9700, 10700]]}, {"id": 23, "location_index": 23, "delivery": [29], "service": 1000, "time_windows": [[6800, 7800]]}, {"id": 24, "location_index": 24, "delivery": [3], "service": 1000, "time_windows": [[0, 19000]]}, {"id": 25, "location_index": 25, "delivery": [6], "service": 1000, "time_windows": [[17200, 18200]]}, {"id": 26, "location_index": 26, "delivery": [17], "service": 1000, "time_windows": [[0, 20800]]}, {"id": 27, "location_index": 27, "delivery": [16], "service": 1000, "time_windows": [[3700, 4700]]}, {"id": 28, "location_index": 28, "delivery": [16], "service": 1000, "time_windows": [[0, 21300]]}, {"id": 29, "location_index": 29, "delivery": [9], "service": 1000, "time_windows": [[0, 19000]]}, {"id": 30, "location_index": 30, "delivery": [21], "service": 1000, "time_windows": [[7100, 8100]]}, {"id": 31, "location_index": 31, "delivery": [27], "service": 1000, "time_windows": [[0, 20200]]}, {"id": 32, "location_index": 32, "delivery": [23], "service": 1000, "time_windows": [[0, 18600]]}, {"id": 33, "location_index": 33, "delivery": [11], "service": 1000, "time_windows": [[3700, 4700]]}, {"id": 34, "location_index": 34, "delivery": [14], "service": 1000, "time_windows": [[0, 18300]]}, {"id": 35, "location_index": 35, "delivery": [8], "service": 1000, "time_windows": [[14300, 15300]]}, {"id": 36, "location_index": 36, "delivery": [5], "service": 1000, "time_windows": [[4100, 5100]]}, {"id": 37, "location_index": 37, "delivery": [8], "service": 1000, "time_windows": [[0, 19800]]}, {"id": 38, "location_index": 38, "delivery": [16], "service": 1000, "time_windows": [[8300, 9300]]}, {"id": 39, "location_index": 39, "delivery": [31], "service": 1000, "time_windows": [[4400, 5400]]}, {"id": 40, "location_index": 40, "delivery": [9], "service": 1000, "time_windows": [[8500, 9500]]}, {"id": 41, "location_index": 41, "delivery": [5], "service": 1000, "time_windows": [[9700, 10700]]}, {"id": 42, "location_index": 42, "delivery": [5], "service": 1000, "time_windows": [[3100, 4100]]}, {"id": 43, "location_index": 43, "delivery": [7], "service": 1000, "time_windows": [[0, 18500]]}, {"id": 44, "location_index": 44, "delivery": [18], "service": 1000, "time_windows": [[6900, 7900]]}, {"id": 45, "location_index": 45, "delivery": [16], "service": 1000, "time_windows": [[3200, 4200]]}, {"id": 46, "location_index": 46, "delivery": [1], "service": 1000, "time_windows": [[0, 18400]]}, {"id": 47, "location_index": 47, "delivery": [27], "service": 1000, "time_windows": [[0, 18500]]}, {"id": 48, "location_index": 48, "delivery": [36], "service": 1000, "time_windows": [[0, 19200]]}, {"id": 49, "location_index": 49, "delivery": [30], "service": 1000, "time_windows": [[10800, 11800]]}, {"id": 50, "location_index": 50, "delivery": [13], "service": 1000, "time_windows": [[0, 20300]]}, {"id": 51, "location_index": 51, "delivery": [10], "service": 1000, "time_windows": [[0, 19300]]}, {"id": 52, "location_index": 52, "delivery": [9], "service": 1000, "time_windows": [[0, 20800]]}, {"id": 53, "location_index": 53, "delivery": [14], "service": 1000, "time_windows": [[9500, 10500]]}, {"id": 54, "location_index": 54, "delivery": [18], "service": 1000, "time_windows": [[0, 19700]]}, {"id": 55, "location_index": 55, "delivery": [2], "service": 1000, "time_windows": [[13600, 14600]]}, {"id": 56, "location_index": 56, "delivery": [6], "service": 1000, "time_windows": [[13000, 14000]]}, {"id": 57, "location_index": 57, "delivery": [7], "service": 1000, "time_windows": [[0, 19600]]}, {"id": 58, "location_index": 58, "delivery": [18], "service": 1000, "time_windows": [[20000, 21000]]}, {"id": 59, "location_index": 59, "delivery": [28], "service": 1000, "time_windows": [[0, 20200]]}, {"id": 60, "location_index": 60, "delivery": [3], "service": 1000, "time_windows": [[0, 20100]]}, {"id": 61, "location_index": 61, "delivery": [13], "service": 1000, "time_windows": [[0, 19400]]}, {"id": 62, "location_index": 62, "delivery": [19], "service": 1000, "time_windows": [[5800, 6800]]}, {"id": 63, "location_index": 63, "delivery": [10], "service": 1000, "time_windows": [[0, 18500]]}, {"id": 64, "location_index": 64, "delivery": [9], "service": 1000, "time_windows": [[7300, 8300]]}, {"id": 65, "location_index": 65, "delivery": [20], "service": 1000, "time_windows": [[5100, 6100]]}, {"id": 66, "location_index": 66, "delivery": [25], "service": 1000, "time_windows": [[12700, 13700]]}, {"id": 67, "location_index": 67, "delivery": [25], "service": 1000, "time_windows": [[8300, 9300]]}, {"id": 68, "location_index": 68, "delivery": [36], "service": 1000, "time_windows": [[14200, 15200]]}, {"id": 69, "location_index": 69, "delivery": [6], "service": 1000, "time_windows": [[5000, 6000]]}, {"id": 70, "location_index": 70, "delivery": [5], "service": 1000, "time_windows": [[18200, 19200]]}, {"id": 71, "location_index": 71, "delivery": [15], "service": 1000, "time_windows": [[0, 18000]]}, {"id": 72, "location_index": 72, "delivery": [25], "service": 1000, "time_windows": [[0, 19700]]}, {"id": 73, "location_index": 73, "delivery": [9], "service": 1000, "time_windows": [[0, 19900]]}, {"id": 74, "location_index": 74, "delivery": [8], "service": 1000, "time_windows": [[14900, 15900]]}, {"id": 75, "location_index": 75, "delivery": [18], "service": 1000, "time_windows": [[0, 19200]]}, {"id": 76, "location_index": 76, "delivery": [13], "service": 1000, "time_windows": [[7300, 8300]]}, {"id": 77, "location_index": 77, "delivery": [14], "service": 1000, "time_windows": [[17900, 18900]]}, {"id": 78, "location_index": 78, "delivery": [3], "service": 1000, "time_windows": [[9600, 10600]]}, {"id": 79, "location_index": 79, "delivery": [23], "service": 1000, "time_windows": [[9200, 10200]]}, {"id": 80, "location_index": 80, "delivery": [6], "service": 1000, "time_windows": [[18200, 19200]]}, {"id": 81, "location_index": 81, "delivery": [26], "service": 1000, "time_windows": [[0, 19200]]}, {"id": 82, "location_index": 82, "delivery": [16], "service": 1000, "time_windows": [[0, 19600]]}, {"id": 83, "location_index": 83, "delivery": [11], "service": 1000, "time_windows": [[0, 19800]]}, {"id": 84, "location_index": 84, "delivery": [7], "service": 1000, "time_windows": [[10100, 11100]]}, {"id": 85, "location_index": 85, "delivery": [41], "service": 1000, "time_windows": [[0, 19600]]}, {"id": 86, "location_index": 86, "delivery": [35], "service": 1000, "time_windows": [[0, 18400]]}, {"id": 87, "location_index": 87, "delivery": [26], "service": 1000, "time_windows": [[9300, 10300]]}, {"id": 88, "location_index": 88, "delivery": [9], "service": 1000, "time_windows": [[7400, 8400]]}, {"id": 89, "location_index": 89, "delivery": [15], "service": 1000, "time_windows": [[0, 21100]]}, {"id": 90, "location_index": 90, "delivery": [3], "service": 1000, "time_windows": [[0, 18700]]}, {"id": 91, "location_index": 91, "delivery": [1], "service": 1000, "time_windows": [[0, 19400]]}, {"id": 92, "location_index": 92, "delivery": [2], "service": 1000, "time_windows": [[1800, 2800]]}, {"id": 93, "location_index": 93, "delivery": [22], "service": 1000, "time_windows": [[18800, 19800]]}, {"id": 94, "location_index": 94, "delivery": [27], "service": 1000, "time_windows": [[0, 20700]]}, {"id": 95, "location_index": 95, "delivery": [20], "service": 1000, "time_windows": [[0, 20500]]}, {"id": 96, "location_index": 96, "delivery": [11], "service": 1000, "time_windows": [[0, 20400]]}, {"id": 97, "location_index": 97, "delivery": [12], "service": 1000, "time_windows": [[0, 20200]]}, {"id": 98, "location_index": 98, "delivery": [10], "service": 1000, "time_windows": [[0, 19800]]}, {"id": 99, "location_index": 99, "delivery": [9], "service": 1000, "time_windows": [[8300, 9300]]}, {"id": 100, "location_index": 100, "delivery": [17], "service": 1000, "time_windows": [[18500, 19500]]}], "matrices": {"car": {"durations": [[0, 1523, 1800, 2236, 2500, 2062, 1118, 2121, 2625, 3202, 2550, 3354, 1500, 1118, 3202, 3041, 2915, 3041, 1581, 3202, 3162, 1803, 2693, 3606, 3000, 3354, 1118, 500, 632, 2983, 2550, 1746, 3400, 2476, 3606, 4104, 4140, 2121, 4243, 3397, 1118, 2886, 2550, 3418, 3189, 2915, 3547, 3421, 2780, 4393, 1697, 2693, 1131, 447, 2280, 3046, 2921, 2319, 906, 1780, 1803, 2550, 2550, 3493, 4652, 4993, 4050, 4386, 2138, 1217, 2110, 3966, 2247, 2012, 2460, 2778, 1565, 1970, 3106, 2555, 2110, 2759, 2332, 2110, 2433, 2302, 3536, 1838, 1924, 900, 3225, 2561, 1838, 2025, 1204, 1487, 1526, 1720, 2126, 1749, 2404], [1523, 0, 3256, 1456, 3220, 3220, 2484, 2102, 3158, 1780, 1556, 2640, 1664, 2640, 4687, 4535, 4245, 4071, 2285, 2823, 1649, 2927, 3920, 4617, 2778, 3764, 1942, 1082, 1200, 2404, 1105, 1044, 2088, 1237, 2474, 2720, 4052, 3581, 5685, 4159, 2402, 4201, 4072, 4940, 4610, 3669, 3901, 3373, 2816, 3982, 632, 1204, 1523, 1844, 2561, 3406, 3890, 3808, 2354, 3202, 2830, 3829, 1924, 2441, 3821, 3500, 2530, 5111, 1803, 447, 806, 2484, 3354, 3214, 3635, 3883, 1063, 1342, 2022, 1603, 1921, 1487, 2608, 2955, 3499, 3680, 4827, 3362, 1530, 2052, 2059, 3970, 3302, 3397, 2663, 2968, 2907, 3225, 3561, 3114, 3860], [1800, 3256, 0, 3441, 2022, 2385, 1640, 3625, 3607, 4742, 4329, 5029, 2343, 943, 2119, 1300, 2518, 3270, 2746, 4742, 4903, 1044, 1221, 2332, 3499, 3015, 1640, 2300, 2088, 3829, 4329, 3523, 5200, 3936, 4841, 5557, 5420, 1530, 3231, 2550, 943, 1221, 1208, 1844, 2419, 3581, 4528, 4743, 4134, 5867, 3231, 4332, 2720, 1414, 2506, 2864, 1868, 583, 906, 1565, 2476, 2404, 4245, 5261, 6325, 6580, 5772, 3418, 3041, 3007, 3905, 5554, 1204, 900, 1170, 1523, 2865, 3162, 4360, 3801, 2900, 4206, 3606, 2900, 2778, 1965, 3102, 707, 3614, 2012, 5016, 2010, 1393, 1838, 1345, 1221, 1640, 1077, 1649, 1749, 1703], [2236, 1456, 3441, 0, 2500, 4272, 3354, 3536, 4504, 1500, 2915, 4031, 1118, 3202, 5315, 4717, 5148, 5220, 3536, 4272, 2236, 2693, 3640, 4000, 1414, 2693, 1803, 2062, 1612, 949, 2121, 2500, 3124, 728, 1414, 2154, 5508, 4301, 6403, 3338, 2500, 4016, 4528, 5280, 5382, 4950, 5308, 4827, 4258, 5413, 825, 1432, 2807, 2280, 1612, 2341, 3306, 4022, 2687, 3996, 3956, 4785, 3362, 3688, 5122, 3276, 2864, 4176, 608, 1811, 2110, 2309, 3008, 3008, 3324, 3453, 671, 283, 922, 361, 806, 900, 4005, 4177, 4617, 4528, 5771, 3818, 2983, 3068, 3256, 4771, 4022, 4254, 3413, 3662, 3759, 3842, 4327, 3982, 4580], [2500, 3220, 2022, 2500, 0, 4123, 3162, 4610, 5054, 4000, 4717, 5701, 1581, 2550, 4123, 2915, 4500, 5099, 4031, 5657, 4610, 1000, 1414, 1500, 1803, 1000, 1414, 2828, 2202, 2377, 4272, 4000, 5292, 3206, 3640, 4571, 6640, 3500, 5220, 943, 1581, 1838, 3202, 3624, 4441, 5220, 5994, 5920, 5280, 6859, 2816, 3847, 3624, 2110, 922, 854, 825, 2435, 1992, 3423, 4050, 4319, 4904, 5644, 6963, 5743, 5334, 1921, 1903, 3245, 4025, 4804, 894, 1140, 1140, 1082, 2280, 2309, 3256, 2807, 1703, 3400, 4826, 4438, 4535, 3905, 5104, 2707, 4319, 3265, 5277, 4001, 3306, 3722, 2983, 3027, 3373, 3002, 3601, 3551, 3705], [2062, 3220, 2385, 4272, 4123, 0, 1000, 2062, 1393, 5000, 3354, 3536, 3536, 1581, 2000, 2915, 1118, 1000, 1118, 3000, 4610, 3162, 3606, 4717, 5025, 5099, 3000, 2236, 2693, 5045, 3905, 2720, 4383, 4391, 5590, 5941, 3270, 1118, 2693, 4847, 2550, 3547, 2012, 2816, 1649, 1204, 2220, 2693, 2209, 3905, 3624, 4405, 1769, 2202, 4201, 4851, 4205, 2476, 2138, 849, 447, 671, 2941, 4080, 4700, 6647, 5482, 5770, 4198, 2780, 3406, 5664, 3493, 3178, 3536, 3895, 3606, 4016, 5099, 4569, 4159, 4665, 1700, 707, 412, 806, 1628, 1769, 2460, 1208, 4031, 1100, 1063, 671, 1140, 1166, 762, 1345, 985, 640, 1237], [1118, 2484, 1640, 3354, 3162, 1000, 0, 2062, 1985, 4243, 3041, 3536, 2550, 707, 2236, 2550, 1803, 2000, 1118, 3162, 4031, 2236, 2828, 3905, 4031, 4123, 2000, 1414, 1746, 4080, 3354, 2280, 4026, 3561, 4717, 5166, 3780, 1118, 3202, 3936, 1581, 2860, 1803, 2707, 2126, 2062, 2921, 3106, 2506, 4249, 2780, 3688, 1315, 1204, 3202, 3864, 3329, 1931, 1170, 721, 894, 1432, 2802, 3905, 4805, 5982, 4924, 4888, 3228, 2081, 2864, 4968, 2608, 2302, 2702, 3061, 2683, 3087, 4219, 3672, 3178, 3842, 1972, 1304, 1404, 1204, 2419, 1237, 2202, 510, 3748, 1487, 854, 922, 316, 600, 424, 900, 1082, 640, 1389], [2121, 2102, 3625, 3536, 4610, 2062, 2062, 0, 1221, 3640, 1414, 1500, 3354, 2693, 4031, 4610, 3162, 2500, 1000, 1118, 2915, 3905, 4717, 5701, 4743, 5408, 3202, 1803, 2470, 4472, 2236, 1118, 2421, 3306, 4528, 4554, 2059, 3000, 4743, 5517, 3202, 4830, 3821, 4710, 3711, 1844, 1811, 1342, 728, 2280, 2717, 3008, 990, 2550, 4254, 5077, 5033, 3985, 2884, 2602, 1628, 2720, 894, 2025, 2746, 4993, 3701, 6507, 3764, 1726, 1803, 4115, 4342, 4080, 4522, 4860, 3008, 3373, 4105, 3705, 3828, 3523, 583, 1432, 2102, 2828, 3578, 3298, 632, 1616, 2025, 3140, 2807, 2608, 2377, 2648, 2309, 2943, 2902, 2400, 3206], [2625, 3158, 3607, 4504, 5054, 1393, 1985, 1221, 0, 4810, 2625, 2417, 4079, 2691, 3338, 4294, 2300, 1393, 1044, 1772, 4134, 4188, 4810, 5890, 5558, 5962, 3734, 2518, 3158, 5401, 3448, 2285, 3607, 4393, 5629, 5738, 1879, 2508, 3833, 5883, 3499, 4817, 3401, 4206, 2902, 640, 943, 1315, 949, 2532, 3722, 4179, 1700, 2955, 4904, 5665, 5301, 3801, 3106, 2195, 1140, 1910, 2052, 3106, 3437, 6213, 4920, 6851, 4617, 2729, 2997, 5324, 4580, 4280, 4686, 5045, 3901, 4300, 5179, 4727, 4639, 4632, 640, 721, 1204, 2184, 2571, 3081, 1836, 1789, 3189, 2452, 2419, 2062, 2263, 2421, 2000, 2663, 2377, 1972, 2625], [3202, 1780, 4742, 1500, 4000, 5000, 4243, 3640, 4810, 0, 2500, 3536, 2550, 4301, 6403, 6042, 6021, 5831, 4031, 4000, 1118, 4123, 5099, 5500, 2693, 4123, 3162, 2828, 2693, 2012, 1500, 2530, 2193, 825, 1118, 943, 5300, 5315, 7433, 4826, 3808, 5457, 5714, 6537, 6366, 5371, 5434, 4717, 4276, 4965, 1526, 632, 3276, 3413, 3106, 3785, 4804, 5323, 3895, 4952, 4604, 5608, 3106, 2941, 4346, 1838, 1432, 5629, 2102, 2220, 1844, 825, 4472, 4438, 4785, 4937, 1897, 1712, 1000, 1217, 2302, 600, 4206, 4701, 5270, 5445, 6607, 4993, 3008, 3829, 2500, 5728, 5033, 5162, 4393, 4686, 4667, 4920, 5308, 4880, 5597], [2550, 1556, 4329, 2915, 4717, 3354, 3041, 1414, 2625, 2500, 0, 1118, 3202, 3500, 5220, 5500, 4472, 3905, 2236, 1500, 1581, 4272, 5220, 6042, 4301, 5315, 3354, 2062, 2550, 3847, 1000, 806, 1030, 2435, 3536, 3338, 2800, 4123, 6042, 5660, 3640, 5434, 4837, 5743, 4977, 3256, 3046, 2236, 1879, 2530, 2140, 1910, 1726, 2983, 4111, 4958, 5323, 4804, 3453, 3711, 2907, 4025, 632, 949, 2267, 3624, 2302, 6629, 3342, 1476, 806, 2816, 4717, 4522, 4965, 5255, 2617, 2860, 3202, 2955, 3471, 2571, 1985, 2802, 3467, 4050, 4940, 4205, 894, 2532, 707, 4366, 3883, 3795, 3324, 3635, 3396, 3932, 4052, 3544, 4368], [3354, 2640, 5029, 4031, 5701, 3536, 3536, 1500, 2417, 3536, 1118, 0, 4243, 4123, 5523, 6083, 4610, 3808, 2500, 707, 2500, 5148, 6042, 6946, 5408, 6364, 4301, 2915, 3500, 4965, 2062, 1703, 1552, 3547, 4610, 4300, 1868, 4500, 6185, 6640, 4472, 6203, 5315, 6207, 5179, 3041, 2476, 1500, 1476, 1432, 3245, 2983, 2309, 3801, 5162, 6011, 6243, 5434, 4215, 4101, 3114, 4177, 806, 806, 1300, 4368, 3008, 7622, 4441, 2476, 1924, 3712, 5595, 5367, 5814, 6129, 3701, 3966, 4301, 4072, 4561, 3669, 1868, 2864, 3517, 4319, 4965, 4768, 1432, 3059, 1118, 4627, 4305, 4105, 3847, 4130, 3805, 4428, 4401, 3900, 4704], [1500, 1664, 2343, 1118, 1581, 3536, 2550, 3354, 4079, 2550, 3202, 4243, 0, 2236, 4301, 3606, 4272, 4528, 3041, 4301, 3041, 1581, 2550, 3041, 1500, 2121, 707, 1581, 922, 1565, 2693, 2550, 3716, 1726, 2500, 3270, 5412, 3354, 5408, 2508, 1414, 2912, 3471, 4187, 4429, 4410, 4973, 4696, 4072, 5500, 1237, 2302, 2435, 1360, 922, 1769, 2319, 2921, 1664, 3102, 3302, 3956, 3471, 4105, 5467, 4368, 3801, 3448, 721, 1769, 2470, 3373, 1924, 1897, 2236, 2402, 707, 854, 2025, 1476, 632, 1965, 3700, 3606, 3920, 3640, 4904, 2780, 2941, 2400, 3722, 3848, 3087, 3384, 2530, 2731, 2912, 2865, 3401, 3132, 3624], [1118, 2640, 943, 3202, 2550, 1581, 707, 2693, 2691, 4301, 3500, 4123, 2236, 0, 2121, 2000, 2062, 2550, 1803, 3808, 4272, 1581, 2121, 3202, 3640, 3536, 1581, 1581, 1628, 3801, 3640, 2702, 4428, 3547, 4610, 5186, 4482, 1118, 3202, 3270, 1000, 2163, 1432, 2309, 2195, 2729, 3624, 3801, 3191, 4924, 2780, 3808, 1825, 922, 2729, 3306, 2642, 1315, 608, 906, 1581, 1803, 3354, 4410, 5412, 6106, 5162, 4206, 2953, 2309, 3178, 5077, 1924, 1612, 2000, 2360, 2550, 2921, 4111, 3547, 2864, 3829, 2663, 2000, 1992, 1432, 2693, 728, 2729, 1077, 4201, 1616, 854, 1204, 447, 510, 825, 640, 1170, 1005, 1389], [3202, 4687, 2119, 5315, 4123, 2000, 2236, 4031, 3338, 6403, 5220, 5523, 4301, 2121, 0, 1581, 1118, 2236, 3041, 5000, 6265, 3162, 3000, 4031, 5590, 5099, 3606, 3606, 3748, 5852, 5590, 4494, 6230, 5664, 6727, 7300, 5166, 1118, 1118, 4504, 2915, 2717, 922, 1063, 566, 2941, 4016, 4653, 4205, 5869, 4892, 5882, 3511, 3041, 4610, 4973, 3805, 1712, 2640, 1523, 2408, 1432, 4884, 6021, 6700, 8184, 7159, 5224, 5022, 4305, 5099, 7161, 3256, 2983, 3114, 3401, 4669, 5033, 6229, 5664, 4909, 5946, 3700, 2702, 2138, 1204, 1360, 1526, 4342, 2731, 5920, 900, 1389, 1432, 2025, 1720, 1838, 1487, 1170, 1676, 854], [3041, 4535, 1300, 4717, 2915, 2915, 2550, 4610, 4294, 6042, 5500, 6083, 3606, 2000, 1581, 0, 2500, 3536, 3640, 5701, 6185, 2121, 1581, 2500, 4610, 3808, 2915, 3536, 3384, 5025, 5590, 4701, 6420, 5233, 6103, 6848, 6172, 1803, 2500, 3081, 2236, 1217, 922, 728, 2102, 4080, 5131, 5554, 4998, 6742, 4531, 5630, 3812, 2693, 3612, 3759, 2404, 728, 2184, 2102, 3178, 2617, 5334, 6407, 7355, 7879, 7060, 3700, 4280, 4258, 5148, 6854, 2025, 1844, 1789, 1992, 4159, 4442, 5630, 5077, 4123, 5501, 4460, 3578, 3220, 2202, 2907, 1315, 4717, 3027, 6201, 2052, 1879, 2247, 2236, 1965, 2341, 1676, 1942, 2326, 1769], [2915, 4245, 2518, 5148, 4500, 1118, 1803, 3162, 2300, 6021, 4472, 4610, 4272, 2062, 1118, 2500, 0, 1118, 2236, 4031, 5701, 3500, 3640, 4743, 5701, 5500, 3640, 3202, 3536, 5831, 5000, 3828, 5501, 5360, 6519, 6953, 4079, 1000, 1581, 5064, 3041, 3454, 1612, 2140, 608, 1844, 2912, 3606, 3214, 4817, 4580, 5445, 2860, 2915, 4785, 5308, 4374, 2341, 2668, 1170, 1565, 447, 4050, 5187, 5722, 7716, 6580, 5894, 4977, 3818, 4500, 6718, 3722, 3413, 3667, 4002, 4478, 4876, 6021, 5471, 4904, 5640, 2746, 1746, 1105, 632, 632, 1811, 3578, 2193, 5148, 510, 1217, 894, 1746, 1552, 1389, 1503, 906, 1166, 825], [3041, 4071, 3270, 5220, 5099, 1000, 2000, 2500, 1393, 5831, 3905, 3808, 4528, 2550, 2236, 3536, 1118, 0, 1803, 3162, 5315, 4123, 4472, 5590, 6021, 6083, 4000, 3162, 3667, 6021, 4610, 3406, 4920, 5280, 6500, 6774, 3015, 1803, 2500, 5787, 3536, 4357, 2617, 3245, 1709, 806, 1825, 2617, 2341, 3801, 4531, 5215, 2555, 3202, 5201, 5842, 5126, 3245, 3126, 1709, 1265, 922, 3384, 4478, 4805, 7388, 6152, 6685, 5179, 3624, 4123, 6440, 4427, 4111, 4438, 4793, 4561, 4973, 6017, 5503, 5148, 5546, 1972, 1140, 608, 1360, 1204, 2594, 3041, 2159, 4522, 1487, 1879, 1432, 2121, 2088, 1726, 2193, 1664, 1552, 1769], [1581, 2285, 2746, 3536, 4031, 1118, 1118, 1000, 1044, 4031, 2236, 2500, 3041, 1803, 3041, 3640, 2236, 1803, 0, 2062, 3536, 3202, 3905, 4950, 4528, 4924, 2693, 1500, 2121, 4405, 2828, 1628, 3265, 3511, 4743, 4974, 2691, 2000, 3808, 4883, 2500, 3966, 2828, 3712, 2751, 1414, 1970, 2000, 1389, 3130, 2789, 3413, 762, 1924, 3860, 4624, 4328, 3046, 2126, 1603, 671, 1789, 1844, 2983, 3734, 5597, 4393, 5860, 3601, 1838, 2335, 4640, 3612, 3324, 3748, 4101, 2907, 3314, 4272, 3785, 3612, 3770, 860, 671, 1273, 1844, 2720, 2341, 1342, 781, 2915, 2159, 1811, 1612, 1432, 1676, 1315, 1965, 1903, 1400, 2209], [3202, 2823, 4742, 4272, 5657, 3000, 3162, 1118, 1772, 4000, 1500, 707, 4301, 3808, 5000, 5701, 4031, 3162, 2062, 0, 3041, 5000, 5831, 6801, 5590, 6403, 4243, 2828, 3471, 5220, 2500, 1789, 2193, 3883, 5025, 4826, 1300, 4031, 5590, 6580, 4301, 5948, 4884, 5756, 4617, 2377, 1769, 806, 825, 1204, 3454, 3406, 2081, 3640, 5220, 6061, 6122, 5092, 3996, 3650, 2608, 3612, 922, 1500, 1700, 4998, 3640, 7569, 4607, 2555, 2236, 4276, 5441, 5187, 5630, 5964, 3847, 4163, 4669, 4368, 4701, 4045, 1300, 2302, 2927, 3801, 4342, 4397, 1360, 2731, 1746, 4100, 3864, 3612, 3479, 3736, 3373, 4026, 3920, 3437, 4211], [3162, 1649, 4903, 2236, 4610, 4610, 4031, 2915, 4134, 1118, 1581, 2500, 3041, 4272, 6265, 6185, 5701, 5315, 3536, 3041, 0, 4500, 5500, 6083, 3606, 4924, 3500, 2693, 2828, 2983, 707, 1910, 1077, 1526, 2236, 1800, 4329, 5148, 7211, 5508, 4031, 5808, 5701, 6579, 6129, 4743, 4624, 3808, 3454, 3912, 1811, 806, 2843, 3493, 3795, 4569, 5360, 5457, 4002, 4751, 4177, 5263, 2214, 1844, 3231, 2081, 894, 6391, 2823, 1970, 1204, 1237, 4904, 4801, 5201, 5415, 2335, 2341, 2062, 2081, 3008, 1487, 3499, 4177, 4808, 5187, 6237, 4998, 2302, 3551, 1414, 5492, 4876, 4909, 4249, 4562, 4442, 4833, 5111, 4632, 5420], [1803, 2927, 1044, 2693, 1000, 3162, 2236, 3905, 4188, 4123, 4272, 5148, 1581, 1581, 3162, 2121, 3500, 4123, 3202, 5000, 4500, 0, 1000, 1803, 2500, 2000, 1000, 2236, 1746, 2907, 4031, 3493, 5001, 3298, 4031, 4847, 5873, 2500, 4272, 1700, 707, 1334, 2247, 2780, 3453, 4295, 5131, 5162, 4525, 6185, 2707, 3821, 2921, 1360, 1500, 1825, 1131, 1526, 1082, 2433, 3130, 3324, 4342, 5220, 6441, 5948, 5315, 2663, 2195, 2816, 3688, 4948, 447, 316, 707, 985, 2236, 2435, 3578, 3046, 2025, 3544, 4036, 3536, 3574, 2907, 4105, 1712, 3722, 2421, 4904, 3002, 2309, 2729, 2025, 2040, 2404, 2002, 2602, 2571, 2707], [2693, 3920, 1221, 3640, 1414, 3606, 2828, 4717, 4810, 5099, 5220, 6042, 2550, 2121, 3000, 1581, 3640, 4472, 3905, 5831, 5500, 1000, 0, 1118, 3202, 2236, 2000, 3162, 2729, 3722, 5025, 4427, 5984, 4276, 4924, 5787, 6595, 2693, 4031, 1513, 1581, 424, 2110, 2309, 3423, 4801, 5738, 5903, 5280, 6989, 3705, 4817, 3759, 2247, 2247, 2220, 825, 1315, 1836, 2778, 3688, 3585, 5239, 6168, 7341, 6912, 6313, 2256, 3102, 3785, 4669, 5923, 632, 707, 316, 412, 3225, 3396, 4494, 3985, 2915, 4512, 4763, 4111, 3996, 3138, 4177, 1879, 4610, 3140, 5869, 3132, 2594, 3041, 2550, 2441, 2860, 2283, 2823, 2968, 2816], [3606, 4617, 2332, 4000, 1500, 4717, 3905, 5701, 5890, 5500, 6042, 6946, 3041, 3202, 4031, 2500, 4743, 5590, 4950, 6801, 6083, 1803, 1118, 0, 3162, 1803, 2693, 4031, 3493, 3808, 5701, 5277, 6705, 4704, 5099, 6053, 7638, 3808, 5000, 860, 2500, 1315, 3178, 3206, 4491, 5908, 6825, 6935, 6303, 7981, 4276, 5334, 4720, 3162, 2408, 1970, 728, 2404, 2832, 3895, 4780, 4701, 6140, 6986, 8237, 7234, 6826, 1200, 3401, 4569, 5408, 6303, 1360, 1628, 1204, 849, 3748, 3805, 4738, 4305, 3202, 4900, 5800, 5201, 5111, 4254, 5263, 2997, 5523, 4173, 6648, 4238, 3712, 4159, 3640, 3551, 3966, 3400, 3940, 4082, 3922], [3000, 2778, 3499, 1414, 1803, 5025, 4031, 4743, 5558, 2693, 4301, 5408, 1500, 3640, 5590, 4610, 5701, 6021, 4528, 5590, 3606, 2500, 3202, 3162, 0, 1500, 2062, 3041, 2408, 707, 3536, 3801, 4534, 2081, 2000, 3007, 6778, 4743, 6708, 2354, 2693, 3624, 4701, 5280, 5794, 5908, 6433, 6075, 5471, 6760, 2163, 2802, 3883, 2828, 1000, 1217, 2594, 4022, 3036, 4535, 4801, 5413, 4701, 5099, 6530, 4211, 4123, 3007, 985, 3046, 3500, 3396, 2617, 2766, 2907, 2884, 1746, 1442, 1746, 1526, 922, 2147, 5142, 5104, 5415, 5070, 6332, 4072, 4254, 3900, 4669, 5250, 4492, 4827, 3981, 4148, 4374, 4238, 4808, 4589, 4998], [3354, 3764, 3015, 2693, 1000, 5099, 4123, 5408, 5962, 4123, 5315, 6364, 2121, 3536, 5099, 3808, 5500, 6083, 4924, 6403, 4924, 2000, 2236, 1803, 1500, 0, 2236, 3606, 2941, 2202, 4717, 4669, 5745, 3418, 3500, 4504, 7463, 4500, 6185, 943, 2550, 2642, 4177, 4531, 5433, 6168, 6894, 6742, 6106, 7606, 3245, 4123, 4442, 3008, 1204, 361, 1442, 3396, 2961, 4418, 5000, 5315, 5590, 6201, 7582, 5708, 5536, 1513, 2102, 3890, 4561, 4866, 1844, 2121, 2025, 1836, 2720, 2594, 3225, 2912, 1924, 3544, 5682, 5376, 5511, 4904, 6103, 3705, 5045, 4179, 5801, 5001, 4305, 4717, 3962, 4020, 4357, 4001, 4601, 4540, 4704], [1118, 1942, 1640, 1803, 1414, 3000, 2000, 3202, 3734, 3162, 3354, 4301, 707, 1581, 3606, 2915, 3640, 4000, 2693, 4243, 3500, 1000, 2000, 2693, 2062, 2236, 0, 1414, 806, 2247, 3041, 2608, 4026, 2341, 3202, 3936, 5243, 2693, 4717, 2343, 707, 2319, 2766, 3483, 3758, 3981, 4662, 4522, 3883, 5445, 1712, 2828, 2220, 806, 1204, 1931, 1970, 2220, 985, 2474, 2828, 3354, 3500, 4295, 5576, 4998, 4319, 3330, 1421, 1879, 2720, 3985, 1414, 1304, 1703, 1942, 1265, 1526, 2720, 2163, 1304, 2600, 3448, 3178, 3401, 3008, 4272, 2081, 2907, 1965, 3956, 3195, 2435, 2766, 1924, 2088, 2319, 2193, 2751, 2532, 2955], [500, 1082, 2300, 2062, 2828, 2236, 1414, 1803, 2518, 2828, 2062, 2915, 1581, 1581, 3606, 3536, 3202, 3162, 1500, 2828, 2693, 2236, 3162, 4031, 3041, 3606, 1414, 0, 671, 2907, 2062, 1265, 2900, 2163, 3354, 3754, 3859, 2500, 4610, 3754, 1581, 3373, 3008, 3890, 3538, 2907, 3396, 3138, 2506, 4031, 1389, 2280, 854, 922, 2460, 3276, 3329, 2816, 1404, 2126, 1897, 2802, 2110, 3008, 4206, 4580, 3585, 4742, 2102, 728, 1612, 3561, 2683, 2470, 2915, 3220, 1414, 1825, 2864, 2341, 2121, 2441, 2119, 2121, 2563, 2617, 3801, 2309, 1500, 1030, 2729, 2900, 2220, 2335, 1581, 1887, 1838, 2147, 2484, 2052, 2780], [632, 1200, 2088, 1612, 2202, 2693, 1746, 2470, 3158, 2693, 2550, 3500, 922, 1628, 3748, 3384, 3536, 3667, 2121, 3471, 2828, 1746, 2729, 3493, 2408, 2941, 806, 671, 0, 2354, 2302, 1803, 3256, 1921, 3000, 3561, 4528, 2702, 4817, 3140, 1204, 3002, 3023, 3847, 3780, 3501, 4052, 3808, 3176, 4675, 1166, 2247, 1523, 721, 1789, 2608, 2773, 2657, 1208, 2385, 2419, 3178, 2702, 3493, 4771, 4518, 3688, 4123, 1513, 1077, 1942, 3489, 2184, 2022, 2452, 2720, 943, 1342, 2500, 1942, 1500, 2202, 2786, 2700, 3059, 2915, 4159, 2302, 2121, 1513, 3162, 3162, 2421, 2642, 1803, 2062, 2147, 2263, 2720, 2371, 2983], [2983, 2404, 3829, 949, 2377, 5045, 4080, 4472, 5401, 2012, 3847, 4965, 1565, 3801, 5852, 5025, 5831, 6021, 4405, 5220, 2983, 2907, 3722, 3808, 707, 2202, 2247, 2907, 2354, 0, 3000, 3448, 3962, 1487, 1304, 2302, 6456, 4919, 6964, 3027, 2941, 4134, 5000, 5659, 5994, 5814, 6229, 5772, 5197, 6356, 1772, 2193, 3701, 2915, 1476, 1903, 3195, 4386, 3225, 4662, 4768, 5503, 4308, 4580, 6022, 3506, 3444, 3712, 854, 2746, 3041, 2693, 3106, 3202, 3413, 3444, 1500, 1105, 1044, 922, 943, 1500, 4925, 5025, 5413, 5200, 6462, 4327, 3929, 3864, 4140, 5413, 4652, 4940, 4085, 4295, 4460, 4429, 4966, 4682, 5188], [2550, 1105, 4329, 2121, 4272, 3905, 3354, 2236, 3448, 1500, 1000, 2062, 2693, 3640, 5590, 5590, 5000, 4610, 2828, 2500, 707, 4031, 5025, 5701, 3536, 4717, 3041, 2062, 2302, 3000, 0, 1204, 1030, 1526, 2550, 2354, 3800, 4472, 6519, 5200, 3500, 5304, 5060, 5948, 5438, 4050, 3985, 3225, 2816, 3493, 1476, 922, 2140, 2915, 3536, 4357, 4973, 4866, 3423, 4071, 3471, 4561, 1612, 1581, 3023, 2780, 1581, 6127, 2640, 1334, 500, 1879, 4455, 4319, 4738, 4982, 2012, 2140, 2247, 2081, 2802, 1616, 2818, 3471, 4101, 4494, 5532, 4368, 1612, 2865, 1140, 4802, 4205, 4219, 3585, 3900, 3759, 4179, 4429, 3945, 4741], [1746, 1044, 3523, 2500, 4000, 2720, 2280, 1118, 2285, 2530, 806, 1703, 2550, 2702, 4494, 4701, 3828, 3406, 1628, 1789, 1910, 3493, 4427, 5277, 3801, 4669, 2608, 1265, 1803, 3448, 1204, 0, 1746, 2200, 3413, 3454, 3008, 3384, 5371, 4941, 2846, 4632, 4061, 4965, 4294, 2865, 2927, 2335, 1800, 2968, 1676, 1897, 985, 2184, 3471, 4319, 4565, 4001, 2648, 2973, 2280, 3384, 922, 1746, 2968, 3982, 2766, 5920, 2818, 781, 721, 3053, 3940, 3734, 4179, 4478, 2059, 2377, 3000, 2631, 2915, 2408, 1676, 2267, 2900, 3354, 4342, 3413, 500, 1772, 1500, 3667, 3132, 3087, 2550, 2864, 2657, 3158, 3324, 2823, 3640], [3400, 2088, 5200, 3124, 5292, 4383, 4026, 2421, 3607, 2193, 1030, 1552, 3716, 4428, 6230, 6420, 5501, 4920, 3265, 2193, 1077, 5001, 5984, 6705, 4534, 5745, 4026, 2900, 3256, 3962, 1030, 1746, 0, 2476, 3311, 2828, 3421, 5124, 7068, 6224, 4428, 6239, 5805, 6708, 6001, 4245, 3912, 2997, 2780, 2902, 2506, 1780, 2720, 3805, 4565, 5385, 5977, 5708, 4301, 4713, 3936, 5054, 1556, 800, 2154, 2816, 1456, 7155, 3662, 2209, 1315, 2202, 5434, 5277, 5707, 5967, 3041, 3162, 3106, 3041, 3828, 2500, 2973, 3828, 4494, 5070, 5968, 5148, 1924, 3517, 447, 5385, 4876, 4810, 4295, 4610, 4397, 4903, 5060, 4554, 5376], [2476, 1237, 3936, 728, 3206, 4391, 3561, 3306, 4393, 825, 2435, 3547, 1726, 3547, 5664, 5233, 5360, 5280, 3511, 3883, 1526, 3298, 4276, 4704, 2081, 3418, 2341, 2163, 1921, 1487, 1526, 2200, 2476, 0, 1237, 1640, 5162, 4597, 6718, 4061, 2997, 4632, 4941, 5745, 5664, 4904, 5116, 4518, 4000, 4965, 781, 721, 2751, 2640, 2335, 3068, 4000, 4518, 3106, 4252, 4025, 4965, 2961, 3106, 4549, 2657, 2138, 4904, 1334, 1676, 1649, 1649, 3650, 3614, 3962, 4119, 1077, 900, 800, 566, 1530, 283, 3833, 4179, 4696, 4763, 5964, 4220, 2700, 3191, 2663, 5033, 4314, 4482, 3680, 3960, 3982, 4177, 4601, 4201, 4880], [3606, 2474, 4841, 1414, 3640, 5590, 4717, 4528, 5629, 1118, 3536, 4610, 2500, 4610, 6727, 6103, 6519, 6500, 4743, 5025, 2236, 4031, 4924, 5099, 2000, 3500, 3202, 3354, 3000, 1304, 2550, 3413, 3311, 1237, 0, 1020, 6320, 5701, 7810, 4329, 3905, 5323, 5941, 6684, 6780, 6140, 6339, 5701, 5209, 6042, 1970, 1628, 3985, 3688, 2720, 3206, 4464, 5420, 4101, 5382, 5239, 6140, 4111, 4050, 5463, 2220, 2408, 5004, 1836, 2912, 2802, 1526, 4295, 4342, 4610, 4682, 2062, 1697, 500, 1063, 2012, 1005, 5064, 5408, 5909, 5908, 7134, 5233, 3912, 4383, 3606, 6161, 5420, 5630, 4801, 5061, 5131, 5250, 5720, 5354, 5982], [4104, 2720, 5557, 2154, 4571, 5941, 5166, 4554, 5738, 943, 3338, 4300, 3270, 5186, 7300, 6848, 6953, 6774, 4974, 4826, 1800, 4847, 5787, 6053, 3007, 4504, 3936, 3754, 3561, 2302, 2354, 3454, 2828, 1640, 1020, 0, 6120, 6224, 8345, 5308, 4614, 6168, 6580, 7378, 7284, 6307, 6332, 5573, 5166, 5708, 2408, 1565, 4219, 4280, 3650, 4200, 5394, 6140, 4743, 5869, 5547, 6544, 3962, 3622, 4948, 1204, 1612, 6013, 2693, 3162, 2751, 671, 5155, 5162, 5471, 5579, 2693, 2417, 1315, 1803, 2886, 1360, 5126, 5644, 6213, 6370, 7543, 5860, 3922, 4763, 3206, 6648, 5941, 6088, 5304, 5590, 5590, 5814, 6223, 5805, 6507], [4140, 4052, 5420, 5508, 6640, 3270, 3780, 2059, 1879, 5300, 2800, 1868, 5412, 4482, 5166, 6172, 4079, 3015, 2691, 1300, 4329, 5873, 6595, 7638, 6778, 7463, 5243, 3859, 4528, 6456, 3800, 3008, 3421, 5162, 6320, 6120, 0, 4386, 5508, 7529, 5166, 6640, 5280, 6075, 4687, 2236, 1200, 721, 1360, 894, 4684, 4704, 3023, 4545, 6313, 7134, 7004, 5660, 4808, 4071, 3002, 3736, 2209, 2657, 2140, 6236, 4876, 8515, 5794, 3734, 3523, 5558, 6294, 6011, 6438, 6790, 5033, 5376, 5954, 5629, 5869, 5334, 1838, 2594, 3036, 4050, 4205, 4940, 2530, 3466, 2983, 4301, 4294, 3940, 4080, 4272, 3859, 4528, 4254, 3847, 4494], [2121, 3581, 1530, 4301, 3500, 1118, 1118, 3000, 2508, 5315, 4123, 4500, 3354, 1118, 1118, 1803, 1000, 1803, 2000, 4031, 5148, 2500, 2693, 3808, 4743, 4500, 2693, 2500, 2702, 4919, 4472, 3384, 5124, 4597, 5701, 6224, 4386, 0, 2121, 4079, 2062, 2555, 894, 1726, 1082, 2280, 3329, 3795, 3276, 5000, 3818, 4780, 2404, 2025, 3808, 4310, 3396, 1442, 1709, 412, 1432, 894, 3821, 4950, 5722, 7080, 6042, 4934, 4071, 3191, 3981, 6061, 2729, 2419, 2693, 3036, 3640, 4022, 5201, 4640, 3981, 4880, 2746, 1803, 1421, 447, 1612, 825, 3256, 1616, 4827, 510, 283, 447, 922, 640, 728, 510, 141, 600, 283], [4243, 5685, 3231, 6403, 5220, 2693, 3202, 4743, 3833, 7433, 6042, 6185, 5408, 3202, 1118, 2500, 1581, 2500, 3808, 5590, 7211, 4272, 4031, 5000, 6708, 6185, 4717, 4610, 4817, 6964, 6519, 5371, 7068, 6718, 7810, 8345, 5508, 2121, 0, 5544, 4031, 3705, 2025, 1811, 1082, 3302, 4310, 5109, 4768, 6301, 5940, 6888, 4391, 4123, 5727, 6073, 4851, 2789, 3744, 2484, 3138, 2025, 5630, 6768, 7269, 9183, 8099, 6200, 6129, 5280, 6021, 8169, 4342, 4080, 4177, 4441, 5749, 6122, 7311, 6748, 6021, 7001, 4317, 3324, 2668, 2025, 1304, 2642, 5148, 3662, 6723, 1720, 2404, 2302, 3041, 2759, 2780, 2561, 2126, 2581, 1838], [3397, 4159, 2550, 3338, 943, 4847, 3936, 5517, 5883, 4826, 5660, 6640, 2508, 3270, 4504, 3081, 5064, 5787, 4883, 6580, 5508, 1700, 1513, 860, 2354, 943, 2343, 3754, 3140, 3027, 5200, 4941, 6224, 4061, 4329, 5308, 7529, 4079, 5544, 0, 2385, 1868, 3600, 3808, 4904, 5993, 6826, 6812, 6172, 7779, 3734, 4730, 4528, 2983, 1726, 1140, 700, 2800, 2778, 4080, 4830, 4948, 5841, 6586, 7906, 6503, 6198, 990, 2729, 4188, 4965, 5608, 1360, 1676, 1404, 1105, 3195, 3178, 4001, 3612, 2532, 4230, 5701, 5235, 5255, 4512, 5632, 3256, 5250, 4105, 6218, 4554, 3929, 4368, 3716, 3700, 4085, 3614, 4198, 4238, 4243], [1118, 2402, 943, 2500, 1581, 2550, 1581, 3202, 3499, 3808, 3640, 4472, 1414, 1000, 2915, 2236, 3041, 3536, 2500, 4301, 4031, 707, 1581, 2500, 2693, 2550, 707, 1581, 1204, 2941, 3500, 2846, 4428, 2997, 3905, 4614, 5166, 2062, 4031, 2385, 0, 1811, 2062, 2780, 3102, 3640, 4442, 4455, 3818, 5482, 2309, 3421, 2220, 671, 1746, 2309, 1838, 1526, 412, 1903, 2470, 2802, 3667, 4588, 5770, 5646, 4884, 3360, 2126, 2220, 3114, 4624, 1140, 894, 1342, 1664, 1924, 2220, 3421, 2860, 2000, 3265, 3330, 2864, 2961, 2419, 3667, 1389, 3041, 1720, 4295, 2571, 1825, 2202, 1414, 1503, 1811, 1552, 2138, 2002, 2309], [2886, 4201, 1221, 4016, 1838, 3547, 2860, 4830, 4817, 5457, 5434, 6203, 2912, 2163, 2717, 1217, 3454, 4357, 3966, 5948, 5808, 1334, 424, 1315, 3624, 2642, 2319, 3373, 3002, 4134, 5304, 4632, 6239, 4632, 5323, 6168, 6640, 2555, 3705, 1868, 1811, 0, 1868, 1942, 3178, 4751, 5728, 5964, 5354, 7083, 4031, 5148, 3900, 2452, 2663, 2640, 1208, 1118, 1992, 2702, 3680, 3448, 5408, 6379, 7503, 7280, 6637, 2508, 3493, 4031, 4925, 6282, 1030, 1020, 721, 806, 3569, 3764, 4885, 4366, 3311, 4876, 4826, 4104, 3920, 3002, 3956, 1780, 4776, 3225, 6100, 2955, 2500, 2941, 2561, 2404, 2828, 2202, 2693, 2907, 2640], [2550, 4072, 1208, 4528, 3202, 2012, 1803, 3821, 3401, 5714, 4837, 5315, 3471, 1432, 922, 922, 1612, 2617, 2828, 4884, 5701, 2247, 2110, 3178, 4701, 4177, 2766, 3008, 3023, 5000, 5060, 4061, 5805, 4941, 5941, 6580, 5280, 894, 2025, 3600, 2062, 1868, 0, 906, 1315, 3162, 4219, 4682, 4148, 5882, 4188, 5235, 3114, 2302, 3712, 4052, 2900, 800, 1844, 1237, 2309, 1697, 4600, 5708, 6562, 7529, 6592, 4357, 4187, 3734, 4588, 6500, 2335, 2062, 2202, 2502, 3905, 4245, 5449, 4884, 4061, 5220, 3614, 2693, 2302, 1281, 2088, 721, 4005, 2309, 5544, 1140, 1020, 1342, 1513, 1204, 1513, 906, 1030, 1456, 849], [3418, 4940, 1844, 5280, 3624, 2816, 2707, 4710, 4206, 6537, 5743, 6207, 4187, 2309, 1063, 728, 2140, 3245, 3712, 5756, 6579, 2780, 2309, 3206, 5280, 4531, 3483, 3890, 3847, 5659, 5948, 4965, 6708, 5745, 6684, 7378, 6075, 1726, 1811, 3808, 2780, 1942, 906, 0, 1628, 3891, 4966, 5508, 5001, 6719, 5012, 6084, 4020, 3130, 4280, 4472, 3132, 1273, 2642, 2110, 3158, 2371, 5501, 6612, 7443, 8365, 7467, 4405, 4884, 4617, 5482, 7336, 2729, 2524, 2508, 2720, 4687, 5000, 6201, 5640, 4738, 6021, 4472, 3517, 3046, 2025, 2421, 1581, 4909, 3214, 6450, 1789, 1903, 2159, 2419, 2110, 2402, 1811, 1844, 2319, 1581], [3189, 4610, 2419, 5382, 4441, 1649, 2126, 3711, 2902, 6366, 4977, 5179, 4429, 2195, 566, 2102, 608, 1709, 2751, 4617, 6129, 3453, 3423, 4491, 5794, 5433, 3758, 3538, 3780, 5994, 5438, 4294, 6001, 5664, 6780, 7284, 4687, 1082, 1082, 4904, 3102, 3178, 1315, 1628, 0, 2452, 3517, 4211, 3805, 5423, 4884, 5814, 3312, 3106, 4838, 5277, 4205, 2110, 2773, 1414, 2088, 1005, 4588, 5728, 6313, 8106, 7018, 5672, 5148, 4201, 4940, 7094, 3606, 3314, 3501, 3812, 4720, 5104, 6280, 5720, 5054, 5946, 3324, 2319, 1700, 943, 806, 1746, 4085, 2581, 5665, 640, 1360, 1221, 1985, 1720, 1703, 1565, 1063, 1500, 806], [2915, 3669, 3581, 4950, 5220, 1204, 2062, 1844, 640, 5371, 3256, 3041, 4410, 2729, 2941, 4080, 1844, 806, 1414, 2377, 4743, 4295, 4801, 5908, 5908, 6168, 3981, 2907, 3501, 5814, 4050, 2865, 4245, 4904, 6140, 6307, 2236, 2280, 3302, 5993, 3640, 4751, 3162, 3891, 2452, 0, 1077, 1811, 1565, 3000, 4198, 4742, 2159, 3178, 5179, 5894, 5371, 3677, 3231, 2052, 1170, 1523, 2691, 3744, 4002, 6824, 5544, 6935, 5001, 3228, 3585, 5917, 4653, 4342, 4717, 5077, 4319, 4727, 5675, 5197, 5001, 5155, 1273, 806, 860, 1887, 2010, 2973, 2441, 2022, 3829, 2102, 2263, 1844, 2283, 2360, 1942, 2550, 2140, 1844, 2332], [3547, 3901, 4528, 5308, 5994, 2220, 2921, 1811, 943, 5434, 