{"vehicles": [{"id": 0, "start_index": 0, "end_index": 0, "capacity": [200], "time_window": [0, 24000]}, {"id": 1, "start_index": 0, "end_index": 0, "capacity": [200], "time_window": [0, 24000]}, {"id": 2, "start_index": 0, "end_index": 0, "capacity": [200], "time_window": [0, 24000]}, {"id": 3, "start_index": 0, "end_index": 0, "capacity": [200], "time_window": [0, 24000]}, {"id": 4, "start_index": 0, "end_index": 0, "capacity": [200], "time_window": [0, 24000]}, {"id": 5, "start_index": 0, "end_index": 0, "capacity": [200], "time_window": [0, 24000]}, {"id": 6, "start_index": 0, "end_index": 0, "capacity": [200], "time_window": [0, 24000]}, {"id": 7, "start_index": 0, "end_index": 0, "capacity": [200], "time_window": [0, 24000]}, {"id": 8, "start_index": 0, "end_index": 0, "capacity": [200], "time_window": [0, 24000]}, {"id": 9, "start_index": 0, "end_index": 0, "capacity": [200], "time_window": [0, 24000]}, {"id": 10, "start_index": 0, "end_index": 0, "capacity": [200], "time_window": [0, 24000]}, {"id": 11, "start_index": 0, "end_index": 0, "capacity": [200], "time_window": [0, 24000]}, {"id": 12, "start_index": 0, "end_index": 0, "capacity": [200], "time_window": [0, 24000]}, {"id": 13, "start_index": 0, "end_index": 0, "capacity": [200], "time_window": [0, 24000]}, {"id": 14, "start_index": 0, "end_index": 0, "capacity": [200], "time_window": [0, 24000]}, {"id": 15, "start_index": 0, "end_index": 0, "capacity": [200], "time_window": [0, 24000]}, {"id": 16, "start_index": 0, "end_index": 0, "capacity": [200], "time_window": [0, 24000]}, {"id": 17, "start_index": 0, "end_index": 0, "capacity": [200], "time_window": [0, 24000]}, {"id": 18, "start_index": 0, "end_index": 0, "capacity": [200], "time_window": [0, 24000]}, {"id": 19, "start_index": 0, "end_index": 0, "capacity": [200], "time_window": [0, 24000]}, {"id": 20, "start_index": 0, "end_index": 0, "capacity": [200], "time_window": [0, 24000]}, {"id": 21, "start_index": 0, "end_index": 0, "capacity": [200], "time_window": [0, 24000]}, {"id": 22, "start_index": 0, "end_index": 0, "capacity": [200], "time_window": [0, 24000]}, {"id": 23, "start_index": 0, "end_index": 0, "capacity": [200], "time_window": [0, 24000]}, {"id": 24, "start_index": 0, "end_index": 0, "capacity": [200], "time_window": [0, 24000]}], "jobs": [{"id": 1, "location_index": 1, "delivery": [20], "service": 1000, "time_windows": [[14500, 17500]]}, {"id": 2, "location_index": 2, "delivery": [30], "service": 1000, "time_windows": [[5000, 8000]]}, {"id": 3, "location_index": 3, "delivery": [10], "service": 1000, "time_windows": [[10900, 13900]]}, {"id": 4, "location_index": 4, "delivery": [40], "service": 1000, "time_windows": [[14100, 17100]]}, {"id": 5, "location_index": 5, "delivery": [20], "service": 1000, "time_windows": [[4100, 7100]]}, {"id": 6, "location_index": 6, "delivery": [20], "service": 1000, "time_windows": [[9500, 12500]]}, {"id": 7, "location_index": 7, "delivery": [20], "service": 1000, "time_windows": [[7900, 10900]]}, {"id": 8, "location_index": 8, "delivery": [10], "service": 1000, "time_windows": [[9100, 12100]]}, {"id": 9, "location_index": 9, "delivery": [20], "service": 1000, "time_windows": [[9100, 12100]]}, {"id": 10, "location_index": 10, "delivery": [30], "service": 1000, "time_windows": [[11900, 14900]]}, {"id": 11, "location_index": 11, "delivery": [40], "service": 1000, "time_windows": [[5900, 8900]]}, {"id": 12, "location_index": 12, "delivery": [20], "service": 1000, "time_windows": [[6400, 9400]]}, {"id": 13, "location_index": 13, "delivery": [10], "service": 1000, "time_windows": [[14200, 17200]]}, {"id": 14, "location_index": 14, "delivery": [10], "service": 1000, "time_windows": [[3500, 6500]]}, {"id": 15, "location_index": 15, "delivery": [20], "service": 1000, "time_windows": [[5800, 8800]]}, {"id": 16, "location_index": 16, "delivery": [20], "service": 1000, "time_windows": [[7200, 10200]]}, {"id": 17, "location_index": 17, "delivery": [20], "service": 1000, "time_windows": [[14900, 17900]]}, {"id": 18, "location_index": 18, "delivery": [20], "service": 1000, "time_windows": [[8700, 11700]]}, {"id": 19, "location_index": 19, "delivery": [40], "service": 1000, "time_windows": [[7200, 10200]]}, {"id": 20, "location_index": 20, "delivery": [10], "service": 1000, "time_windows": [[12200, 15200]]}, {"id": 21, "location_index": 21, "delivery": [10], "service": 1000, "time_windows": [[6700, 9700]]}, {"id": 22, "location_index": 22, "delivery": [40], "service": 1000, "time_windows": [[9200, 12200]]}, {"id": 23, "location_index": 23, "delivery": [30], "service": 1000, "time_windows": [[6500, 9500]]}, {"id": 24, "location_index": 24, "delivery": [10], "service": 1000, "time_windows": [[14800, 17800]]}, {"id": 25, "location_index": 25, "delivery": [20], "service": 1000, "time_windows": [[15400, 18400]]}, {"id": 26, "location_index": 26, "delivery": [30], "service": 1000, "time_windows": [[11500, 14500]]}, {"id": 27, "location_index": 27, "delivery": [20], "service": 1000, "time_windows": [[6200, 9200]]}, {"id": 28, "location_index": 28, "delivery": [10], "service": 1000, "time_windows": [[6200, 9200]]}, {"id": 29, "location_index": 29, "delivery": [10], "service": 1000, "time_windows": [[6700, 9700]]}, {"id": 30, "location_index": 30, "delivery": [10], "service": 1000, "time_windows": [[7400, 10400]]}, {"id": 31, "location_index": 31, "delivery": [20], "service": 1000, "time_windows": [[6100, 9100]]}, {"id": 32, "location_index": 32, "delivery": [10], "service": 1000, "time_windows": [[13100, 16100]]}, {"id": 33, "location_index": 33, "delivery": [10], "service": 1000, "time_windows": [[5100, 8100]]}, {"id": 34, "location_index": 34, "delivery": [30], "service": 1000, "time_windows": [[11100, 14100]]}, {"id": 35, "location_index": 35, "delivery": [20], "service": 1000, "time_windows": [[13900, 16900]]}, {"id": 36, "location_index": 36, "delivery": [40], "service": 1000, "time_windows": [[4300, 7300]]}, {"id": 37, "location_index": 37, "delivery": [10], "service": 1000, "time_windows": [[12400, 15400]]}, {"id": 38, "location_index": 38, "delivery": [30], "service": 1000, "time_windows": [[7500, 10500]]}, {"id": 39, "location_index": 39, "delivery": [10], "service": 1000, "time_windows": [[3700, 6700]]}, {"id": 40, "location_index": 40, "delivery": [30], "service": 1000, "time_windows": [[8500, 11500]]}, {"id": 41, "location_index": 41, "delivery": [20], "service": 1000, "time_windows": [[9200, 12200]]}, {"id": 42, "location_index": 42, "delivery": [10], "service": 1000, "time_windows": [[3300, 6300]]}, {"id": 43, "location_index": 43, "delivery": [20], "service": 1000, "time_windows": [[12800, 15800]]}, {"id": 44, "location_index": 44, "delivery": [10], "service": 1000, "time_windows": [[6400, 9400]]}, {"id": 45, "location_index": 45, "delivery": [10], "service": 1000, "time_windows": [[3700, 6700]]}, {"id": 46, "location_index": 46, "delivery": [10], "service": 1000, "time_windows": [[11300, 14300]]}, {"id": 47, "location_index": 47, "delivery": [10], "service": 1000, "time_windows": [[4500, 7500]]}, {"id": 48, "location_index": 48, "delivery": [10], "service": 1000, "time_windows": [[15100, 18100]]}, {"id": 49, "location_index": 49, "delivery": [10], "service": 1000, "time_windows": [[10400, 13400]]}, {"id": 50, "location_index": 50, "delivery": [30], "service": 1000, "time_windows": [[11600, 14600]]}, {"id": 51, "location_index": 51, "delivery": [19], "service": 1000, "time_windows": [[8300, 11300]]}, {"id": 52, "location_index": 52, "delivery": [3], "service": 1000, "time_windows": [[5200, 8200]]}, {"id": 53, "location_index": 53, "delivery": [5], "service": 1000, "time_windows": [[9100, 12100]]}, {"id": 54, "location_index": 54, "delivery": [16], "service": 1000, "time_windows": [[13900, 16900]]}, {"id": 55, "location_index": 55, "delivery": [16], "service": 1000, "time_windows": [[14000, 17000]]}, {"id": 56, "location_index": 56, "delivery": [19], "service": 1000, "time_windows": [[13000, 16000]]}, {"id": 57, "location_index": 57, "delivery": [23], "service": 1000, "time_windows": [[9600, 12600]]}, {"id": 58, "location_index": 58, "delivery": [20], "service": 1000, "time_windows": [[15200, 18200]]}, {"id": 59, "location_index": 59, "delivery": [19], "service": 1000, "time_windows": [[4200, 7200]]}, {"id": 60, "location_index": 60, "delivery": [17], "service": 1000, "time_windows": [[15500, 18500]]}, {"id": 61, "location_index": 61, "delivery": [9], "service": 1000, "time_windows": [[6600, 9600]]}, {"id": 62, "location_index": 62, "delivery": [3], "service": 1000, "time_windows": [[5200, 8200]]}, {"id": 63, "location_index": 63, "delivery": [6], "service": 1000, "time_windows": [[3900, 6900]]}, {"id": 64, "location_index": 64, "delivery": [17], "service": 1000, "time_windows": [[5300, 8300]]}, {"id": 65, "location_index": 65, "delivery": [16], "service": 1000, "time_windows": [[1100, 4100]]}, {"id": 66, "location_index": 66, "delivery": [16], "service": 1000, "time_windows": [[13300, 16300]]}, {"id": 67, "location_index": 67, "delivery": [9], "service": 1000, "time_windows": [[7000, 10000]]}, {"id": 68, "location_index": 68, "delivery": [21], "service": 1000, "time_windows": [[14400, 17400]]}, {"id": 69, "location_index": 69, "delivery": [27], "service": 1000, "time_windows": [[4100, 7100]]}, {"id": 70, "location_index": 70, "delivery": [23], "service": 1000, "time_windows": [[18000, 21000]]}, {"id": 71, "location_index": 71, "delivery": [14], "service": 1000, "time_windows": [[6500, 9500]]}, {"id": 72, "location_index": 72, "delivery": [8], "service": 1000, "time_windows": [[3000, 6000]]}, {"id": 73, "location_index": 73, "delivery": [5], "service": 1000, "time_windows": [[7700, 10700]]}, {"id": 74, "location_index": 74, "delivery": [8], "service": 1000, "time_windows": [[14100, 17100]]}, {"id": 75, "location_index": 75, "delivery": [16], "service": 1000, "time_windows": [[7400, 10400]]}, {"id": 76, "location_index": 76, "delivery": [31], "service": 1000, "time_windows": [[7500, 10500]]}, {"id": 77, "location_index": 77, "delivery": [7], "service": 1000, "time_windows": [[15000, 18000]]}, {"id": 78, "location_index": 78, "delivery": [27], "service": 1000, "time_windows": [[9000, 12000]]}, {"id": 79, "location_index": 79, "delivery": [30], "service": 1000, "time_windows": [[8900, 11900]]}, {"id": 80, "location_index": 80, "delivery": [13], "service": 1000, "time_windows": [[19200, 22200]]}, {"id": 81, "location_index": 81, "delivery": [10], "service": 1000, "time_windows": [[8600, 11600]]}, {"id": 82, "location_index": 82, "delivery": [9], "service": 1000, "time_windows": [[4200, 7200]]}, {"id": 83, "location_index": 83, "delivery": [14], "service": 1000, "time_windows": [[3500, 6500]]}, {"id": 84, "location_index": 84, "delivery": [18], "service": 1000, "time_windows": [[9600, 12600]]}, {"id": 85, "location_index": 85, "delivery": [2], "service": 1000, "time_windows": [[8700, 11700]]}, {"id": 86, "location_index": 86, "delivery": [28], "service": 1000, "time_windows": [[8700, 11700]]}, {"id": 87, "location_index": 87, "delivery": [13], "service": 1000, "time_windows": [[9000, 12000]]}, {"id": 88, "location_index": 88, "delivery": [19], "service": 1000, "time_windows": [[6700, 9700]]}, {"id": 89, "location_index": 89, "delivery": [25], "service": 1000, "time_windows": [[14400, 17400]]}, {"id": 90, "location_index": 90, "delivery": [6], "service": 1000, "time_windows": [[8600, 11600]]}, {"id": 91, "location_index": 91, "delivery": [13], "service": 1000, "time_windows": [[16700, 19700]]}, {"id": 92, "location_index": 92, "delivery": [14], "service": 1000, "time_windows": [[1400, 4400]]}, {"id": 93, "location_index": 93, "delivery": [3], "service": 1000, "time_windows": [[17800, 20800]]}, {"id": 94, "location_index": 94, "delivery": [23], "service": 1000, "time_windows": [[9500, 12500]]}, {"id": 95, "location_index": 95, "delivery": [6], "service": 1000, "time_windows": [[3400, 6400]]}, {"id": 96, "location_index": 96, "delivery": [26], "service": 1000, "time_windows": [[13200, 16200]]}, {"id": 97, "location_index": 97, "delivery": [35], "service": 1000, "time_windows": [[12000, 15000]]}, {"id": 98, "location_index": 98, "delivery": [9], "service": 1000, "time_windows": [[4600, 7600]]}, {"id": 99, "location_index": 99, "delivery": [15], "service": 1000, "time_windows": [[7700, 10700]]}, {"id": 100, "location_index": 100, "delivery": [3], "service": 1000, "time_windows": [[18000, 21000]]}], "matrices": {"car": {"durations": [[0, 3808, 3081, 3936, 3606, 4031, 3330, 3536, 3905, 3354, 3162, 3353, 3239, 3808, 3536, 3929, 4123, 4031, 4518, 4005, 3506, 4500, 3500, 4504, 3506, 4528, 5852, 5701, 5571, 5220, 5200, 5029, 5108, 5148, 4743, 4420, 4301, 4061, 3720, 3606, 4031, 3081, 3354, 3808, 3534, 3774, 3720, 3833, 4504, 3805, 3534, 3354, 2500, 2000, 1803, 1414, 1803, 2693, 4717, 4243, 2693, 1581, 2915, 3905, 2062, 1118, 1304, 2530, 1000, 922, 1965, 2550, 2746, 3929, 3606, 5701, 4294, 4998, 3256, 3847, 762, 1204, 1476, 1924, 2702, 3547, 3220, 3821, 1789, 5248, 424, 1204, 1476, 2110, 1712, 2062, 1552, 4817, 1414, 2052, 1924], [3808, 0, 1044, 300, 707, 500, 1221, 1414, 1118, 5220, 4743, 4810, 4346, 5385, 4472, 5054, 5148, 4717, 8223, 7690, 7203, 8139, 7159, 8105, 7120, 8062, 8902, 8602, 8668, 8201, 8363, 8043, 8288, 8485, 7810, 4200, 4000, 4011, 3734, 3536, 3500, 3448, 3041, 3000, 3015, 583, 860, 4614, 8179, 7495, 6862, 7159, 5500, 3536, 3905, 2550, 5590, 6021, 7566, 6671, 2693, 2828, 6403, 7632, 5852, 4610, 5060, 5805, 2915, 3354, 1887, 5000, 4294, 3397, 6519, 8246, 8096, 8202, 3362, 2550, 4391, 3612, 4205, 5532, 6450, 7272, 6113, 6237, 2702, 9035, 3985, 4924, 5048, 4884, 4892, 5714, 4314, 7021, 3302, 5001, 1897], [3081, 1044, 0, 1000, 539, 1020, 400, 700, 860, 4176, 3700, 3770, 3311, 4346, 3448, 4031, 4134, 3720, 7338, 6801, 6325, 7228, 6264, 7181, 6210, 7120, 8576, 8324, 8322, 7889, 7988, 7718, 7906, 8043, 7463, 4610, 4415, 4357, 4031, 3833, 3929, 3600, 3338, 3448, 3373, 728, 640, 3606, 7280, 6610, 6403, 6414, 4510, 2508, 3625, 1700, 4883, 5064, 6538, 5629, 1655, 2508, 5873, 6981, 5054, 3734, 4249, 5341, 2343, 2470, 1432, 4742, 4220, 2500, 5504, 7203, 7357, 7201, 2360, 1746, 3754, 3191, 3239, 4649, 5780, 6622, 5101, 5197, 1712, 8322, 3176, 4264, 4455, 4528, 4420, 5099, 3912, 5977, 2335, 4020, 1204], [3936, 300, 1000, 0, 539, 200, 1077, 1221, 860, 5142, 4657, 4713, 4238, 5281, 4346, 4924, 5009, 4565, 8297, 7762, 7280, 8200, 7228, 8158, 7181, 8105, 9140, 8848, 8902, 8440, 8591, 8280, 8515, 8700, 8043, 4500, 4300, 4310, 4031, 3833, 3800, 3736, 3338, 3300, 3314, 361, 640, 4472, 8246, 7569, 7071, 7290, 5508, 3506, 4140, 2625, 5731, 6053, 7533, 6610, 2596, 3048, 6595, 7794, 5962, 4684, 5162, 6011, 3081, 3421, 2062, 5243, 4562, 3202, 6503, 8179, 8230, 8201, 3220, 2335, 4549, 3818, 4230, 5604, 6604, 7433, 6101, 6181, 2707, 9179, 4085, 5077, 5220, 5109, 5093, 5882, 4528, 6938, 3324, 5016, 2012], [3606, 707, 539, 539, 0, 500, 539, 707, 500, 4610, 4123, 4176, 3700, 4743, 3808, 4386, 4472, 4031, 7875, 7338, 6862, 7762, 6801, 7713, 6745, 7649, 9014, 8746, 8766, 8322, 8440, 8154, 8360, 8515, 7906, 4727, 4528, 4504, 4200, 4000, 4031, 3833, 3500, 3536, 3506, 200, 200, 3936, 7816, 7147, 6877, 6946, 5025, 3000, 4031, 2236, 5408, 5590, 7018, 6083, 2062, 2915, 6364, 7500, 5590, 4272, 4785, 5814, 2828, 3008, 1860, 5148, 4554, 2691, 6000, 7649, 7889, 7706, 2683, 1844, 4264, 3640, 3766, 5187, 6301, 7140, 5601, 5657, 2236, 8851, 3712, 4780, 4958, 4965, 4892, 5608, 4360, 6403, 2864, 4540, 1703], [4031, 500, 1020, 200, 500, 0, 1020, 1118, 707, 5099, 4610, 4657, 4176, 5220, 4272, 4847, 4924, 4472, 8352, 7816, 7338, 8246, 7280, 8200, 7228, 8139, 9301, 9014, 9060, 8602, 8746, 8440, 8668, 8846, 8201, 4700, 4500, 4510, 4230, 4031, 4000, 3929, 3536, 3500, 3513, 300, 539, 4386, 8297, 7624, 7214, 7382, 5523, 3500, 4301, 2693, 5831, 6083, 7517, 6576, 2550, 3202, 6727, 7906, 6042, 4743, 5239, 6152, 3202, 3479, 2193, 5408, 4742, 3081, 6500, 8139, 8324, 8205, 3138, 2202, 4662, 3962, 4258, 5661, 6712, 7545, 6101, 6152, 2729, 9278, 4163, 5187, 5341, 5263, 5233, 6000, 4675, 6888, 3354, 5036, 2110], [3330, 1221, 400, 1077, 539, 1020, 0, 300, 583, 4079, 3590, 3640, 3162, 4206, 3270, 3848, 3936, 3499, 7467, 6929, 6462, 7338, 6391, 7280, 6325, 7203, 8919, 8677, 8661, 8237, 8322, 8062, 8238, 8360, 7803, 5001, 4805, 4752, 4428, 4230, 4317, 4000, 3734, 3833, 3766, 728, 500, 3400, 7400, 6742, 6720, 6629, 4554, 2508, 3992, 1921, 5122, 5142, 6507, 5558, 1530, 2879, 6172, 7235, 5248, 3891, 4442, 5661, 2663, 2642, 1803, 5108, 4610, 2193, 5504, 7120, 7572, 7217, 2147, 1389, 4031, 3536, 3324, 4793, 6031, 6877, 5109, 5135, 1803, 8545, 3384, 4528, 4742, 4876, 4743, 5374, 4254, 5869, 2435, 4079, 1526], [3536, 1414, 700, 1221, 707, 1118, 300, 0, 500, 4031, 3536, 3569, 3081, 4123, 3162, 3734, 3808, 3354, 7577, 7038, 6580, 7433, 6500, 7368, 6426, 7280, 9179, 8944, 8919, 8500, 8576, 8324, 8491, 8602, 8062, 5295, 5099, 5049, 4727, 4528, 4610, 4300, 4031, 4123, 4061, 860, 583, 3270, 7503, 6854, 6963, 6801, 4610, 2550, 4272, 2121, 5315, 5220, 6500, 5523, 1500, 3162, 6403, 7433, 5408, 4031, 4604, 5908, 2915, 2802, 2088, 5385, 4903, 1985, 5523, 7071, 7742, 7244, 2025, 1140, 4252, 3801, 3418, 4919, 6229, 7077, 5135, 5109, 1924, 8720, 3561, 4738, 4968, 5143, 4993, 5590, 4518, 5805, 2550, 4148, 1789], [3905, 1118, 860, 860, 500, 707, 583, 500, 0, 4528, 4031, 4061, 3569, 4610, 3640, 4206, 4272, 3808, 8041, 7503, 7038, 7906, 6964, 7845, 6895, 7762, 9434, 9179, 9181, 8746, 8848, 8576, 8766, 8902, 8322, 5224, 5025, 5004, 4700, 4500, 4528, 4329, 4000, 4031, 4005, 539, 300, 3734, 7971, 7316, 7262, 7211, 5099, 3041, 4472, 2500, 5701, 5701, 7000, 6021, 2000, 3354, 6727, 7810, 5831, 4472, 5025, 6201, 3202, 3225, 2283, 5590, 5029, 2385, 6021, 7566, 8154, 7741, 2500, 1500, 4597, 4050, 3890, 5371, 6607, 7452, 5632, 5608, 2377, 9126, 3966, 5099, 5304, 5385, 5280, 5941, 4771, 6297, 3008, 4632, 2062], [3354, 5220, 4176, 5142, 4610, 5099, 4079, 4031, 4528, 0, 500, 539, 1020, 500, 1118, 943, 1118, 1414, 4534, 4061, 3774, 4243, 3606, 4104, 3441, 3905, 8515, 8500, 8215, 8000, 7816, 7800, 7716, 7566, 7500, 7582, 7433, 7235, 6877, 6727, 7071, 6248, 6364, 6727, 6507, 4805, 4571, 1281, 4386, 3941, 6200, 4743, 1581, 1803, 5148, 3202, 4000, 2236, 2550, 1500, 2550, 4610, 5500, 5701, 3536, 2550, 3106, 5445, 3905, 2702, 4220, 5852, 6090, 2625, 1803, 3041, 5504, 3454, 2110, 3324, 3890, 4528, 1879, 2729, 4738, 5434, 1556, 1118, 2693, 6441, 2955, 3962, 4374, 5376, 4876, 4604, 4885, 1803, 2335, 1600, 3828], [3162, 4743, 3700, 4657, 4123, 4610, 3590, 3536, 4031, 500, 0, 200, 539, 707, 707, 800, 1000, 1118, 4880, 4386, 4061, 4610, 3905, 4482, 3754, 4301, 8559, 8515, 8261, 8016, 7864, 7816, 7765, 7649, 7517, 7262, 7106, 6920, 6560, 6403, 6727, 5941, 6021, 6364, 6155, 4317, 4079, 943, 4742, 4252, 6220, 4924, 1803, 1414, 4924, 2828, 4031, 2500, 3041, 2000, 2062, 4301, 5523, 5852, 3640, 2500, 3114, 5404, 3606, 2419, 3829, 5701, 5860, 2154, 2236, 3536, 5731, 3922, 1612, 2828, 3766, 4295, 1726, 2846, 4827, 5566, 1942, 1612, 2280, 6689, 2789, 3905, 4310, 5239, 4768, 4610, 4713, 2280, 2000, 1676, 3421], [3353, 4810, 3770, 4713, 4176, 4657, 3640, 3569, 4061, 539, 200, 0, 500, 583, 583, 600, 800, 943, 5021, 4534, 4220, 4742, 4061, 4610, 3905, 4420, 8757, 8714, 8459, 8215, 8062, 8016, 7963, 7845, 7716, 7420, 7262, 7080, 6720, 6560, 6877, 6103, 6172, 6507, 6303, 4368, 4123, 781, 4880, 4405, 6420, 5108, 1972, 1562, 5108, 2973, 4230, 2663, 3081, 2010, 2119, 4465, 5722, 6041, 3833, 2700, 3314, 5604, 3774, 2594, 3962, 5894, 6042, 2088, 2332, 3513, 5906, 3992, 1600, 2807, 3962, 4478, 1924, 3036, 5022, 5757, 2062, 1649, 2408, 6860, 2983, 4105, 4510, 5434, 4965, 4809, 4904, 2236, 2163, 1868, 3547], [3239, 4346, 3311, 4238, 3700, 4176, 3162, 3081, 3569, 1020, 539, 500, 0, 1044, 300, 781, 943, 800, 5381, 4880, 4534, 5122, 4386, 5000, 4243, 4826, 8828, 8757, 8533, 8261, 8139, 8062, 8041, 7956, 7765, 7128, 6963, 6796, 6435, 6268, 6560, 5831, 5860, 6172, 5982, 3890, 3640, 600, 5250, 4738, 6478, 5324, 2267, 1300, 4934, 2663, 4317, 2973, 3569, 2508, 1655, 4206, 5787, 6224, 3992, 2746, 3396, 5608, 3534, 2404, 3612, 5787, 5852, 1616, 2773, 4011, 6159, 4460, 1100, 2309, 3905, 4301, 1910, 3220, 5155, 5924, 2470, 2138, 2062, 7128, 2907, 4111, 4504, 5346, 4909, 4866, 4785, 2729, 1931, 2059, 3183], [3808, 5385, 4346, 5281, 4743, 5220, 4206, 4123, 4610, 500, 707, 583, 1044, 0, 1000, 583, 707, 1118, 4920, 4465, 4206, 4610, 4031, 4460, 3859, 4243, 9014, 9000, 8714, 8500, 8315, 8300, 8215, 8062, 8000, 7965, 7810, 7622, 7262, 7106, 7433, 6640, 6727, 7071, 6862, 4934, 4684, 1044, 4763, 4357, 6700, 5220, 2062, 2121, 5590, 3536, 4500, 2693, 2693, 1581, 2693, 5000, 6000, 6185, 4031, 3041, 3606, 5941, 4301, 3106, 4534, 6325, 6530, 2518, 2121, 3000, 5962, 3672, 2121, 3302, 4368, 4965, 2341, 3225, 5235, 5923, 1942, 1304, 2983, 6888, 3418, 4455, 4866, 5852, 5360, 5104, 5349, 1703, 2702, 2100, 4123], [3536, 4472, 3448, 4346, 3808, 4272, 3270, 3162, 3640, 1118, 707, 583, 300, 1000, 0, 583, 707, 500, 5587, 5093, 4763, 5315, 4610, 5186, 4460, 5000, 9124, 9055, 8828, 8559, 8434, 8360, 8336, 8246, 8062, 7378, 7211, 7049, 6689, 6519, 6801, 6090, 6103, 6403, 6220, 3992, 3734, 300, 5449, 4958, 6774, 5590, 2500, 1581, 5220, 2915, 4610, 3202, 3640, 2550, 1803, 4472, 6083, 6500, 4272, 3041, 3688, 5908, 3808, 2693, 3842, 6083, 6135, 1530, 2915, 4000, 6414, 4569, 1140, 2302, 4205, 4588, 2209, 3493, 5441, 6203, 2640, 2214, 2302, 7378, 3206, 4410, 4804, 5644, 5209, 5162, 5080, 2702, 2214, 2326, 3406], [3929, 5054, 4031, 4924, 4386, 4847, 3848, 3734, 4206, 943, 800, 600, 781, 583, 583, 0, 200, 539, 5467, 5000, 4717, 5166, 4549, 5021, 4383, 4810, 9354, 9313, 9055, 8814, 8658, 8615, 8559, 8434, 8315, 7906, 7742, 7572, 7211, 7046, 7341, 6604, 6640, 6953, 6762, 4569, 4308, 500, 5315, 4883, 7018, 5665, 2508, 2059, 5665, 3441, 4826, 3176, 3270, 2154, 2385, 4974, 6320, 6610, 4415, 3300, 3912, 6203, 4294, 3138, 4393, 6476, 6592, 2000, 2691, 3513, 6440, 4254, 1709, 2828, 4554, 5033, 2518, 3614, 5609, 6332, 2484, 1887, 2843, 7382, 3569, 4704, 5109, 6021, 5558, 5408, 5482, 2209, 2683, 2452, 3962], [4123, 5148, 4134, 5009, 4472, 4924, 3936, 3808, 4272, 1118, 1000, 800, 943, 707, 707, 200, 0, 500, 5622, 5161, 4888, 5315, 4717, 5166, 4549, 4950, 9552, 9513, 9254, 9014, 8857, 8814, 8757, 8631, 8515, 8071, 7906, 7739, 7378, 7211, 7500, 6774, 6801, 7106, 6920, 4652, 4386, 539, 5467, 5048, 7217, 5852, 2693, 2236, 5852, 3606, 5025, 3354, 3354, 2236, 2500, 5148, 6519, 6801, 4610, 3500, 4111, 6403, 4472, 3324, 4545, 6671, 6778, 2010, 2828, 3536, 6621, 4357, 1789, 2864, 4752, 5220, 2717, 3808, 5805, 6525, 2640, 2000, 3000, 7559, 3766, 4904, 5308, 6217, 5756, 5608, 5675, 2236, 2864, 2648, 4111], [4031, 4717, 3720, 4565, 4031, 4472, 3499, 3354, 3808, 1414, 1118, 943, 800, 1118, 500, 539, 500, 0, 5946, 5467, 5161, 5657, 5000, 5517, 4841, 5315, 9618, 9552, 9321, 9055, 8927, 8857, 8828, 8732, 8559, 7803, 7632, 7479, 7120, 6946, 7211, 6530, 6519, 6801, 6629, 4206, 3936, 200, 5800, 5341, 7269, 6042, 2915, 2062, 5701, 3354, 5099, 3606, 3808, 2693, 2121, 4924, 6576, 6964, 4743, 3536, 4177, 6407, 4272, 3178, 4244, 6576, 6610, 1513, 3202, 4031, 6848, 4789, 1360, 2377, 4704, 5070, 2707, 3956, 5920, 6673, 2970, 2419, 2729, 7803, 3705, 4909, 5304, 6140, 5708, 5657, 5573, 2729, 2693, 2786, 3801], [4518, 8223, 7338, 8297, 7875, 8352, 7467, 7577, 8041, 4534, 4880, 5021, 5381, 4920, 5587, 5467, 5622, 5946, 0, 539, 1020, 400, 1077, 600, 1166, 900, 5680, 5917, 5412, 5492, 5061, 5325, 4974, 4562, 5080, 8324, 8271, 7981, 7713, 7669, 8158, 7139, 7580, 8075, 7778, 8065, 7938, 5800, 200, 728, 4104, 1860, 3140, 5100, 5609, 5675, 3059, 2441, 2943, 3716, 6218, 6001, 3662, 2581, 2502, 3614, 3214, 4206, 5515, 4876, 6463, 5423, 6294, 6920, 2830, 3900, 1746, 2110, 6243, 7357, 4211, 5324, 4163, 2693, 2729, 2617, 2983, 3722, 5665, 2300, 4258, 3734, 3905, 4998, 4492, 3418, 5022, 4206, 5033, 3499, 6335], [4005, 7690, 6801, 7762, 7338, 7816, 6929, 7038, 7503, 4061, 4386, 4534, 4880, 4465, 5093, 5000, 5161, 5467, 539, 0, 500, 539, 539, 640, 640, 860, 5665, 5860, 5385, 5412, 5016, 5235, 4924, 4554, 4974, 7906, 7845, 7558, 7280, 7228, 7713, 6694, 7120, 7612, 7316, 7529, 7400, 5315, 500, 200, 3905, 1640, 2625, 4565, 5166, 5142, 2625, 1921, 2700, 3353, 5682, 5508, 3397, 2508, 2022, 3081, 2702, 3883, 5004, 4342, 5941, 5054, 5887, 6403, 2417, 3734, 1811, 2025, 5720, 6826, 3734, 4851, 3625, 2159, 2421, 2470, 2524, 3311, 5126, 2550, 3734, 3276, 3479, 4610, 4085, 3041, 4588, 3883, 4494, 2968, 5805], [3506, 7203, 6325, 7280, 6862, 7338, 6462, 6580, 7038, 3774, 4061, 4220, 4534, 4206, 4763, 4717, 4888, 5161, 1020, 500, 0, 1020, 200, 1077, 400, 1221, 5508, 5665, 5220, 5200, 4838, 5016, 4743, 4415, 4742, 7433, 7368, 7084, 6801, 6745, 7228, 6210, 6629, 7120, 6825, 7052, 6929, 5000, 1000, 300, 3606, 1393, 2267, 4134, 4684, 4657, 2154, 1562, 2746, 3239, 5248, 5009, 3048, 2354, 1530, 2596, 2202, 3483, 4504, 3860, 5445, 4614, 5423, 6021, 2256, 3833, 1825, 2247, 5326, 6407, 3239, 4357, 3176, 1676, 2052, 2247, 2285, 3132, 4662, 2693, 3239, 2789, 3008, 4159, 3625, 2608, 4111, 3812, 4031, 2561, 5315], [4500, 8139, 7228, 8200, 7762, 8246, 7338, 7433, 7906, 4243, 4610, 4742, 5122, 4610, 5315, 5166, 5315, 5657, 400, 539, 1020, 0, 1000, 200, 1020, 500, 6042, 6265, 5770, 5831, 5412, 5660, 5324, 4924, 5408, 8443, 8382, 8096, 7816, 7762, 8246, 7228, 7649, 8139, 7845, 7956, 7816, 5517, 200, 728, 4386, 2121, 2915, 4924, 5701, 5590, 3162, 2236, 2550, 3354, 6042, 6021, 3905, 2915, 2550, 3536, 3202, 4410, 5500, 4785, 6420, 5590, 6426, 6685, 2500, 3500, 2119, 1712, 6021, 7159, 4258, 5376, 4016, 2617, 2941, 2921, 2687, 3384, 5536, 2700, 4211, 3808, 4016, 5148, 4624, 3578, 5124, 3828, 4904, 3311, 6265], [3500, 7159, 6264, 7228, 6801, 7280, 6391, 6500, 6964, 3606, 3905, 4061, 4386, 4031, 4610, 4549, 4717, 5000, 1077, 539, 200, 1000, 0, 1020, 200, 1118, 5701, 5852, 5412, 5385, 5029, 5200, 4934, 4610, 4924, 7503, 7433, 7151, 6862, 6801, 7280, 6264, 6671, 7159, 6866, 6992, 6862, 4841, 1020, 361, 3774, 1581, 2121, 4031, 4743, 4610, 2236, 1414, 2550, 3041, 5148, 5025, 3202, 2550, 1581, 2550, 2202, 3612, 4500, 3808, 5423, 4717, 5504, 5890, 2062, 3640, 2022, 2081, 5201, 6297, 3276, 4393, 3087, 1628, 2202, 2435, 2102, 2941, 4588, 2879, 3214, 2846, 3087, 4254, 3712, 2720, 4179, 3612, 3956, 2441, 5277], [4504, 8105, 7181, 8158, 7713, 8200, 7280, 7368, 7845, 4104, 4482, 4610, 5000, 4460, 5186, 5021, 5166, 5517, 600, 640, 1077, 200, 1020, 0, 1000, 300, 6224, 6441, 5951, 6003, 5590, 5831, 5501, 5108, 5576, 8509, 8443, 8160, 7875, 7816, 8297, 7280, 7690, 8179, 7885, 7908, 7762, 5381, 400, 806, 4534, 2267, 2818, 4847, 5757, 5558, 3231, 2154, 2354, 3176, 5962, 6041, 4036, 3089, 2596, 3513, 3214, 4522, 5504, 4752, 6407, 5682, 6500, 6573, 2343, 3300, 2309, 1513, 5917, 7066, 4295, 5413, 3956, 2602, 3061, 3081, 2550, 3220, 5482, 2900, 4201, 3860, 4085, 5233, 4701, 3672, 5187, 3640, 4851, 3231, 6239], [3506, 7120, 6210, 7181, 6745, 7228, 6325, 6426, 6895, 3441, 3754, 3905, 4243, 3859, 4460, 4383, 4549, 4841, 1166, 640, 400, 1020, 200, 1000, 0, 1044, 5894, 6041, 5604, 5571, 5220, 5385, 5124, 4805, 5108, 7577, 7503, 7224, 6929, 6862, 7338, 6325, 6719, 7203, 6912, 6938, 6801, 4686, 1077, 500, 3945, 1772, 1985, 3936, 4810, 4571, 2332, 1281, 2354, 2844, 5054, 5049, 3360, 2746, 1655, 2518, 2220, 3748, 4504, 3766, 5408, 4826, 5590, 5763, 1868, 3448, 2220, 1921, 5080, 6191, 3324, 4438, 3008, 1603, 2360, 2625, 1924, 2751, 4522, 3068, 3202, 2915, 3176, 4357, 3808, 2843, 4254, 3413, 3890, 2332, 5247], [4528, 8062, 7120, 8105, 7649, 8139, 7203, 7280, 7762, 3905, 4301, 4420, 4826, 4243, 5000, 4810, 4950, 5315, 900, 860, 1221, 500, 1118, 300, 1044, 0, 6500, 6708, 6224, 6265, 5860, 6090, 5770, 5385, 5831, 8616, 8544, 8264, 7971, 7906, 8382, 7368, 7762, 8246, 7956, 7845, 7690, 5186, 700, 990, 4763, 2500, 2693, 4743, 5852, 5523, 3354, 2062, 2062, 2915, 5852, 6083, 4243, 3354, 2693, 3500, 3256, 4701, 5523, 4717, 6400, 5831, 6621, 6414, 2121, 3000, 2596, 1217, 5771, 6935, 4368, 5482, 3883, 2608, 3256, 3329, 2360, 2983, 5413, 3200, 4205, 3956, 4205, 5371, 4830, 3828, 5292, 3362, 4785, 3132, 6213], [5852, 8902, 8576, 9140, 9014, 9301, 8919, 9179, 9434, 8515, 8559, 8757, 8828, 9014, 9124, 9354, 9552, 9618, 5680, 5665, 5508, 6042, 5701, 6224, 5894, 6500, 0, 500, 300, 707, 700, 860, 800, 1118, 1118, 6172, 6265, 6003, 5991, 6103, 6519, 5826, 6403, 6801, 6560, 9126, 9181, 9420, 5860, 5597, 2354, 4123, 7000, 7762, 5000, 7159, 4528, 6519, 8246, 8559, 8544, 6103, 3041, 3162, 5000, 6083, 5445, 3324, 6265, 6768, 7156, 3905, 4742, 9772, 7566, 9341, 3936, 7690, 9080, 9677, 5092, 5385, 6923, 5801, 3801, 3276, 7424, 8322, 7632, 3754, 6044, 4754, 4397, 4050, 4205, 3962, 4665, 9179, 7242, 6918, 7393], [5701, 8602, 8324, 8848, 8746, 9014, 8677, 8944, 9179, 8500, 8515, 8714, 8757, 9000, 9055, 9313, 9513, 9552, 5917, 5860, 5665, 6265, 5852, 6441, 6041, 6708, 500, 0, 583, 500, 860, 700, 943, 1414, 1000, 5731, 5831, 5576, 5580, 5701, 6103, 5449, 6021, 6403, 6172, 8851, 8919, 9354, 6090, 5778, 2300, 4272, 7018, 7649, 4717, 6964, 4500, 6576, 8382, 8631, 8382, 5831, 3000, 3354, 5025, 6021, 5404, 3178, 6042, 6622, 6896, 3606, 4386, 9630, 7649, 9487, 4188, 7879, 8950, 9492, 4948, 5143, 6847, 5814, 3847, 3418, 7481, 8373, 7463, 4104, 5923, 4653, 4276, 3801, 4016, 3905, 4428, 9257, 7106, 6900, 7155], [5571, 8668, 8322, 8902, 8766, 9060, 8661, 8919, 9181, 8215, 8261, 8459, 8533, 8714, 8828, 9055, 9254, 9321, 5412, 5385, 5220, 5770, 5412, 5951, 5604, 6224, 300, 583, 0, 539, 400, 640, 500, 860, 860, 6042, 6127, 5859, 5831, 5936, 6363, 5640, 6220, 6629, 6382, 8881, 8931, 9124, 5590, 5314, 2062, 3833, 6700, 7473, 4763, 6888, 4230, 6220, 7956, 8261, 8264, 5860, 2746, 2879, 4700, 5787, 5148, 3046, 6003, 6485, 6907, 3680, 4545, 9487, 7269, 9052, 3672, 7409, 8793, 9402, 4810, 5131, 6629, 5501, 3501, 2983, 7125, 8022, 7354, 3536, 5757, 4464, 4111, 3801, 3936, 3667, 4410, 8881, 6957, 6619, 7134], [5220, 8201, 7889, 8440, 8322, 8602, 8237, 8500, 8746, 8000, 8016, 8215, 8261, 8500, 8559, 8814, 9014, 9055, 5492, 5412, 5200, 5831, 5385, 6003, 5571, 6265, 707, 500, 539, 0, 539, 200, 583, 1118, 500, 5504, 5590, 5324, 5300, 5408, 5831, 5122, 5701, 6103, 5860, 8431, 8491, 8857, 5660, 5323, 1800, 3808, 6519, 7159, 4301, 6500, 4000, 6083, 7906, 8139, 7906, 5408, 2500, 2915, 4528, 5523, 4904, 2693, 5590, 6140, 6466, 3202, 4036, 9148, 7159, 9014, 3780, 7425, 8465, 9025, 4464, 4701, 6351, 5315, 3354, 2955, 6987, 7877, 6989, 3780, 5434, 4159, 3785, 3362, 3547, 3406, 3982, 8766, 6622, 6400, 6712], [5200, 8363, 7988, 8591, 8440, 8746, 8322, 8576, 8848, 7816, 7864, 8062, 8139, 8315, 8434, 8658, 8857, 8927, 5061, 5016, 4838, 5412, 5029, 5590, 5220, 5860, 700, 860, 400, 539, 0, 500, 100, 583, 583, 5887, 5962, 5686, 5636, 5731, 6172, 5408, 5991, 6414, 6159, 8560, 8602, 8730, 5235, 4940, 1676, 3448, 6300, 7088, 4460, 6530, 3833, 5822, 7569, 7864, 7892, 5544, 2354, 2508, 4300, 5394, 4752, 2683, 5660, 6110, 6580, 3397, 4301, 9108, 6873, 8668, 3329, 7038, 8412, 9038, 4438, 4801, 6237, 5101, 3102, 2596, 6727, 7624, 6986, 3265, 5376, 4080, 3734, 3483, 3585, 3276, 4080, 8485, 6579, 6220, 6796], [5029, 8043, 7718, 8280, 8154, 8440, 8062, 8324, 8576, 7800, 7816, 8016, 8062, 8300, 8360, 8615, 8814, 8857, 5325, 5235, 5016, 5660, 5200, 5831, 5385, 6090, 860, 700, 640, 200, 500, 0, 510, 1044, 300, 5423, 5504, 5233, 5197, 5300, 5731, 5000, 5580, 5991, 5743, 8266, 8322, 8658, 5492, 5143, 1600, 3625, 6320, 6963, 4140, 6316, 3800, 5886, 7716, 7943, 7716, 5243, 2300, 2746, 4329, 5324, 4704, 2500, 5412, 5948, 6297, 3048, 3905, 8956, 6963, 8826, 3624, 7245, 8271, 8839, 4272, 4528, 6152, 5116, 3158, 2773, 6790, 7679, 6801, 3662, 5239, 3962, 3590, 3191, 3362, 3206, 3808, 8570, 6429, 6200, 6537], [5108, 8288, 7906, 8515, 8360, 8668, 8238, 8491, 8766, 7716, 7765, 7963, 8041, 8215, 8336, 8559, 8757, 8828, 4974, 4924, 4743, 5324, 4934, 5501, 5124, 5770, 800, 943, 500, 583, 100, 510, 0, 539, 539, 5852, 5924, 5646, 5590, 5682, 6127, 5354, 5936, 6363, 6106, 8481, 8521, 8631, 5148, 4847, 1581, 3353, 6200, 6992, 4386, 6441, 3734, 5722, 7473, 7765, 7800, 5467, 2256, 2417, 4200, 5295, 4653, 2594, 5576, 6017, 6500, 3330, 4244, 9014, 6774, 8573, 3245, 6946, 8317, 8947, 4346, 4720, 6139, 5001, 3002, 2500, 6627, 7524, 6894, 3202, 5281, 3985, 3640, 3406, 3499, 3178, 4000, 8386, 6485, 6120, 6712], [5148, 8485, 8043, 8700, 8515, 8846, 8360, 8602, 8902, 7566, 7649, 7845, 7956, 8062, 8246, 8434, 8631, 8732, 4562, 4554, 4415, 4924, 4610, 5108, 4805, 5385, 1118, 1414, 860, 1118, 583, 1044, 539, 0, 1000, 6264, 6325, 6041, 5962, 6042, 6500, 5682, 6265, 6708, 6441, 8645, 8668, 8538, 4742, 4492, 1640, 3041, 6021, 6964, 4610, 6519, 3640, 5500, 7159, 7517, 7826, 5657, 2236, 2062, 4031, 5220, 4561, 2702, 5701, 6037, 6660, 3606, 4565, 9008, 6519, 8246, 2818, 6579, 8301, 8994, 4391, 4884, 6073, 4837, 2828, 2209, 6401, 7301, 6935, 2691, 5280, 3981, 3672, 3612, 3624, 3138, 4173, 8130, 6488, 5984, 6841], [4743, 7810, 7463, 8043, 7906, 8201, 7803, 8062, 8322, 7500, 7517, 7716, 7765, 8000, 8062, 8315, 8515, 8559, 5080, 4974, 4742, 5408, 4924, 5576, 5108, 5831, 1118, 1000, 860, 500, 583, 300, 539, 1000, 0, 5314, 5385, 5108, 5054, 5148, 5590, 4826, 5408, 5831, 5576, 8021, 8071, 8360, 5243, 4876, 1300, 3354, 6021, 6671, 3905, 6042, 3500, 5590, 7433, 7649, 7433, 5000, 2000, 2500, 4031, 5025, 4405, 2214, 5148, 5661, 6046, 2828, 3720, 8668, 6671, 8544, 3397, 6977, 7981, 8562, 3985, 4272, 5855, 4817, 2864, 2506, 6494, 7382, 6519, 3499, 4948, 3667, 3298, 2941, 3087, 2907, 3551, 8276, 6140, 5900, 6277], [4420, 4200, 4610, 4500, 4727, 4700, 5001, 5295, 5224, 7582, 7262, 7420, 7128, 7965, 7378, 7906, 8071, 7803, 8324, 7906, 7433, 8443, 7503, 8509, 7577, 8616, 6172, 5731, 6042, 5504, 5887, 5423, 5852, 6264, 5314, 0, 200, 361, 707, 860, 700, 1345, 1300, 1200, 1237, 4710, 4925, 7632, 8382, 7716, 5025, 6610, 6920, 5860, 2773, 4465, 5281, 7049, 9126, 8645, 5770, 2973, 5004, 6503, 5924, 5522, 5459, 4310, 3680, 4884, 3578, 3007, 2040, 6964, 8021, 10121, 7333, 9306, 6574, 6332, 4294, 3245, 5800, 6177, 5689, 6213, 7640, 8213, 5077, 8000, 4841, 4662, 4427, 3354, 3833, 4924, 3324, 9197, 5263, 6466, 4025], [4301, 4000, 4415, 4300, 4528, 4500, 4805, 5099, 5025, 7433, 7106, 7262, 6963, 7810, 7211, 7742, 7906, 7632, 8271, 7845, 7368, 8382, 7433, 8443, 7503, 8544, 6265, 5831, 6127, 5590, 5962, 5504, 5924, 6325, 5385, 200, 0, 300, 583, 707, 500, 1221, 1118, 1000, 1044, 4510, 4727, 7463, 8324, 7654, 5049, 6576, 6801, 5701, 2693, 4301, 5220, 6946, 9014, 8515, 5590, 2828, 5000, 6500, 5852, 5408, 5367, 4301, 3536, 4738, 3400, 3000, 2010, 6778, 7906, 10000, 7317, 9213, 6395, 6140, 4205, 3138, 5664, 6083, 5657, 6203, 7521, 8081, 4909, 8002, 4720, 4588, 4368, 3324, 3785, 4884, 3257, 9061, 5109, 6341, 3847], [4061, 4011, 4357, 4310, 4504, 4510, 4752, 5049, 5004, 7235, 6920, 7080, 6796, 7622, 7049, 7572, 7739, 7479, 7981, 7558, 7084, 8096, 7151, 8160, 7224, 8264, 6003, 5576, 5859, 5324, 5686, 5233, 5646, 6041, 5108, 361, 300, 0, 361, 539, 583, 990, 1020, 1044, 1000, 4500, 4704, 7306, 8036, 7368, 4752, 6280, 6560, 5522, 2417, 4134, 4934, 6689, 8766, 8288, 5463, 2625, 4700, 6200, 5571, 5161, 5100, 4001, 3330, 4534, 3270, 2700, 1712, 6673, 7661, 9762, 7018, 8947, 6265, 6064, 3936, 2884, 5445, 5818, 5360, 5903, 7280, 7857, 4751, 7703, 4482, 4308, 4080, 3027, 3493, 4589, 2973, 8841, 4920, 6107, 3716], [3720, 3734, 4031, 4031, 4200, 4230, 4428, 4727, 4700, 6877, 6560, 6720, 6435, 7262, 6689, 7211, 7378, 7120, 7713, 7280, 6801, 7816, 6862, 7875, 6929, 7971, 5991, 5580, 5831, 5300, 5636, 5197, 5590, 5962, 5054, 707, 583, 361, 0, 200, 539, 640, 700, 860, 728, 4205, 4400, 6946, 7762, 7088, 4610, 6041, 6220, 5161, 2119, 3774, 4657, 6363, 8431, 7940, 5108, 2267, 4510, 6007, 5281, 4826, 4785, 3805, 2973, 4177, 2915, 2518, 1503, 6325, 7324, 9420, 6803, 8631, 5909, 5727, 3625, 2555, 5093, 5501, 5124, 5701, 6940, 7507, 4391, 7517, 4140, 4016, 3808, 2802, 3239, 4342, 2693, 8490, 4561, 5763, 3362], [3606, 3536, 3833, 3833, 4000, 4031, 4230, 4528, 4500, 6727, 6403, 6560, 6268, 7106, 6519, 7046, 7211, 6946, 7669, 7228, 6745, 7762, 6801, 7816, 6862, 7906, 6103, 5701, 5936, 5408, 5731, 5300, 5682, 6042, 5148, 860, 707, 539, 200, 0, 500, 539, 500, 707, 539, 4005, 4200, 6774, 7713, 7034, 4657, 6021, 6103, 5000, 2062, 3606, 4610, 6265, 8322, 7810, 4924, 2121, 4528, 6021, 5220, 4717, 4701, 3821, 2828, 4031, 2731, 2550, 1530, 6135, 7211, 9301, 6800, 8543, 5727, 5532, 3547, 2460, 4958, 5413, 5109, 5708, 6824, 7376, 4219, 7533, 4022, 3956, 3766, 2802, 3214, 4319, 2648, 8355, 4405, 5640, 3178], [4031, 3500, 3929, 3800, 4031, 4000, 4317, 4610, 4528, 7071, 6727, 6877, 6560, 7433, 6801, 7341, 7500, 7211, 8158, 7713, 7228, 8246, 7280, 8297, 7338, 8382, 6519, 6103, 6363, 5831, 6172, 5731, 6127, 6500, 5590, 700, 500, 583, 539, 500, 0, 1020, 707, 500, 583, 4011, 4230, 7046, 8200, 7519, 5142, 6519, 6519, 5315, 2550, 3905, 5099, 6708, 8746, 8201, 5148, 2500, 5025, 6519, 5701, 5148, 5162, 4319, 3202, 4393, 2968, 3041, 2022, 6316, 7632, 9708, 7300, 8996, 5954, 5661, 4016, 2915, 5341, 5869, 5608, 6207, 7240, 7762, 4500, 8031, 4442, 4438, 4258, 3302, 3712, 4817, 3140, 8732, 4738, 6046, 3413], [3081, 3448, 3600, 3736, 3833, 3929, 4000, 4300, 4329, 6248, 5941, 6103, 5831, 6640, 6090, 6604, 6774, 6530, 7139, 6694, 6210, 7228, 6264, 7280, 6325, 7368, 5826, 5449, 5640, 5122, 5408, 5000, 5354, 5682, 4826, 1345, 1221, 990, 640, 539, 1020, 0, 583, 1044, 762, 3864, 4031, 6353, 7181, 6500, 4238, 5508, 5580, 4549, 1530, 3176, 4079, 5731, 7794, 7300, 4554, 1640, 4061, 5544, 4684, 4188, 4163, 3354, 2343, 3547, 2377, 2119, 1118, 5797, 6685, 8780, 6303, 8006, 5349, 5247, 3008, 1924, 4455, 4875, 4601, 5224, 6301, 6868, 3801, 7058, 3500, 3421, 3239, 2319, 2702, 3805, 2121, 7852, 3941, 5122, 2816], [3354, 3041, 3338, 3338, 3500, 3536, 3734, 4031, 4000, 6364, 6021, 6172, 5860, 6727, 6103, 6640, 6801, 6519, 7580, 7120, 6629, 7649, 6671, 7690, 6719, 7762, 6403, 6021, 6220, 5701, 5991, 5580, 5936, 6265, 5408, 1300, 1118, 1020, 700, 500, 707, 583, 0, 500, 200, 3506, 3700, 6351, 7612, 6923, 4810, 6000, 5831, 4610, 2000, 3202, 4528, 6042, 8062, 7500, 4472, 1803, 4610, 6083, 5099, 4472, 4522, 3905, 2500, 3688, 2283, 2693, 1700, 5665, 6946, 9014, 6818, 8338, 5277, 5045, 3396, 2280, 4640, 5220, 5104, 5756, 6551, 7060, 3801, 7595, 3759, 3847, 3705, 2864, 3206, 4301, 2600, 8028, 4031, 5354, 2729], [3808, 3000, 3448, 3300, 3536, 3500, 3833, 4123, 4031, 6727, 6364, 6507, 6172, 7071, 6403, 6953, 7106, 6801, 8075, 7612, 7120, 8139, 7159, 8179, 7203, 8246, 6801, 6403, 6629, 6103, 6414, 5991, 6363, 6708, 5831, 1200, 1000, 1044, 860, 707, 500, 1044, 500, 0, 300, 3513, 3734, 6640, 8105, 7415, 5281, 6500, 6265, 4950, 2500, 3536, 5025, 6500, 8500, 7906, 4717, 2236, 5099, 6576, 5590, 4924, 5000, 4393, 2915, 4080, 2561, 3162, 2154, 5860, 7382, 9434, 7317, 8802, 5523, 5187, 3883, 2766, 5048, 5692, 5604, 6251, 6984, 7463, 4111, 8089, 4205, 4342, 4205, 3354, 3705, 4801, 3100, 8420, 4393, 5780, 3000], [3534, 3015, 3373, 3314, 3506, 3513, 3766, 4061, 4005, 6507, 6155, 6303, 5982, 6862, 6220, 6762, 6920, 6629, 7778, 7316, 6825, 7845, 6866, 7885, 6912, 7956, 6560, 6172, 6382, 5860, 6159, 5743, 6106, 6441, 5576, 1237, 1044, 1000, 728, 539, 583, 762, 200, 300, 0, 3500, 3705, 6464, 7809, 7120, 4998, 6200, 6003, 4742, 2200, 3330, 4727, 6224, 8237, 7661, 4565, 1972, 4805, 6280, 5295, 4652, 4713, 4100, 2663, 3842, 2385, 2879, 1879, 5738, 7120, 9181, 7018, 8523, 5371, 5096, 3590, 2474, 4801, 5408, 5304, 5954, 6723, 7220, 3920, 7793, 3936, 4045, 3905, 3059, 3406, 4501, 2800, 8184, 4173, 5523, 2830], [3774, 583, 728, 361, 200, 300, 728, 860, 539, 4805, 4317, 4368, 3890, 4934, 3992, 4569, 4652, 4206, 8065, 7529, 7052, 7956, 6992, 7908, 6938, 7845, 9126, 8851, 8881, 8431, 8560, 8266, 8481, 8645, 8021, 4710, 4510, 4500, 4205, 4005, 4011, 3864, 3506, 3513, 3500, 0, 283, 4115, 8008, 7338, 7009, 7120, 5224, 3200, 4134, 2417, 5576, 5787, 7217, 6280, 2256, 3023, 6507, 7661, 5770, 4460, 4966, 5946, 2973, 3195, 1985, 5248, 4624, 2843, 6200, 7845, 8062, 7906, 2864, 1980, 4420, 3764, 3962, 5376, 6464, 7301, 5801, 5855, 2433, 9021, 3891, 494